"C:\Program Files\Java\jdk1.8.0_181\bin\java.exe" -javaagent:C:\Users\mcgarrah\AppData\Local\JetBrains\Toolbox\apps\IDEA-U\ch-0\183.4284.148\lib\idea_rt.jar=57263:C:\Users\mcgarrah\AppData\Local\JetBrains\Toolbox\apps\IDEA-U\ch-0\183.4284.148\bin -Dfile.encoding=UTF-8 -classpath "C:\Program Files\Java\jdk1.8.0_181\jre\lib\charsets.jar;C:\Program Files\Java\jdk1.8.0_181\jre\lib\deploy.jar;C:\Program Files\Java\jdk1.8.0_181\jre\lib\ext\access-bridge-64.jar;C:\Program Files\Java\jdk1.8.0_181\jre\lib\ext\cldrdata.jar;C:\Program Files\Java\jdk1.8.0_181\jre\lib\ext\dnsns.jar;C:\Program Files\Java\jdk1.8.0_181\jre\lib\ext\jaccess.jar;C:\Program Files\Java\jdk1.8.0_181\jre\lib\ext\jfxrt.jar;C:\Program Files\Java\jdk1.8.0_181\jre\lib\ext\localedata.jar;C:\Program Files\Java\jdk1.8.0_181\jre\lib\ext\nashorn.jar;C:\Program Files\Java\jdk1.8.0_181\jre\lib\ext\sunec.jar;C:\Program Files\Java\jdk1.8.0_181\jre\lib\ext\sunjce_provider.jar;C:\Program Files\Java\jdk1.8.0_181\jre\lib\ext\sunmscapi.jar;C:\Program Files\Java\jdk1.8.0_181\jre\lib\ext\sunpkcs11.jar;C:\Program Files\Java\jdk1.8.0_181\jre\lib\ext\zipfs.jar;C:\Program Files\Java\jdk1.8.0_181\jre\lib\javaws.jar;C:\Program Files\Java\jdk1.8.0_181\jre\lib\jce.jar;C:\Program Files\Java\jdk1.8.0_181\jre\lib\jfr.jar;C:\Program Files\Java\jdk1.8.0_181\jre\lib\jfxswt.jar;C:\Program Files\Java\jdk1.8.0_181\jre\lib\jsse.jar;C:\Program Files\Java\jdk1.8.0_181\jre\lib\management-agent.jar;C:\Program Files\Java\jdk1.8.0_181\jre\lib\plugin.jar;C:\Program Files\Java\jdk1.8.0_181\jre\lib\resources.jar;C:\Program Files\Java\jdk1.8.0_181\jre\lib\rt.jar;C:\Users\mcgarrah\IdeaProjects\assignment4-minmingzhao\target\classes;C:\Users\mcgarrah\IdeaProjects\assignment4-minmingzhao\lib\weka.jar;C:\Users\mcgarrah\IdeaProjects\assignment4-minmingzhao\lib\trove.jar;C:\Users\mcgarrah\IdeaProjects\assignment4-minmingzhao\lib\servlet.jar;C:\Users\mcgarrah\IdeaProjects\assignment4-minmingzhao\lib\weka-src.jar;C:\Users\mcgarrah\IdeaProjects\assignment4-minmingzhao\lib\ejml-0.25.jar;C:\Users\mcgarrah\IdeaProjects\assignment4-minmingzhao\lib\SCPSolver.jar;C:\Users\mcgarrah\IdeaProjects\assignment4-minmingzhao\lib\colt-1.2.0.jar;C:\Users\mcgarrah\IdeaProjects\assignment4-minmingzhao\lib\guava-18.0.jar;C:\Users\mcgarrah\IdeaProjects\assignment4-minmingzhao\lib\junit-4.11.jar;C:\Users\mcgarrah\IdeaProjects\assignment4-minmingzhao\lib\log4j-1.2.14.jar;C:\Users\mcgarrah\IdeaProjects\assignment4-minmingzhao\lib\csparsej-1.1.1.jar;C:\Users\mcgarrah\IdeaProjects\assignment4-minmingzhao\lib\jcommon-1.0.21.jar;C:\Users\mcgarrah\IdeaProjects\assignment4-minmingzhao\lib\snakeyaml-1.13.jar;C:\Users\mcgarrah\IdeaProjects\assignment4-minmingzhao\lib\JavaRLGlueCodec.jar;C:\Users\mcgarrah\IdeaProjects\assignment4-minmingzhao\lib\xml-apis-1.0.b2.jar;C:\Users\mcgarrah\IdeaProjects\assignment4-minmingzhao\lib\joptimizer-3.2.0.jar;C:\Users\mcgarrah\IdeaProjects\assignment4-minmingzhao\lib\joptimizer-3.3.0.jar;C:\Users\mcgarrah\IdeaProjects\assignment4-minmingzhao\lib\commons-lang3-3.1.jar;C:\Users\mcgarrah\IdeaProjects\assignment4-minmingzhao\lib\commons-math3-3.2.jar;C:\Users\mcgarrah\IdeaProjects\assignment4-minmingzhao\lib\hamcrest-core-1.3.jar;C:\Users\mcgarrah\IdeaProjects\assignment4-minmingzhao\lib\jfreechart-1.0.17.jar;C:\Users\mcgarrah\IdeaProjects\assignment4-minmingzhao\lib\LPSOLVESolverPack.jar;C:\Users\mcgarrah\IdeaProjects\assignment4-minmingzhao\lib\jackson-core-2.2.3.jar;C:\Users\mcgarrah\IdeaProjects\assignment4-minmingzhao\lib\commons-beanutils-1.6.jar;C:\Users\mcgarrah\IdeaProjects\assignment4-minmingzhao\lib\commons-logging-1.1.1.jar;C:\Users\mcgarrah\IdeaProjects\assignment4-minmingzhao\lib\jackson-databind-2.2.3.jar;C:\Users\mcgarrah\IdeaProjects\assignment4-minmingzhao\lib\commons-collections-2.1.jar;C:\Users\mcgarrah\IdeaProjects\assignment4-minmingzhao\lib\jackson-annotations-2.2.3.jar" burlap.assignment4.HardGridWorldLauncher_JMM
/////Hard Grid World Analysis/////

This is your grid world:
[0,0,0,0,0,1,0,0,0,0,0]
[0,1,1,1,0,1,0,1,1,1,0]
[0,1,0,1,0,0,0,1,0,1,0]
[0,1,0,1,0,0,0,1,0,1,0]
[0,0,0,0,1,1,1,0,0,0,0]
[1,1,0,0,1,0,1,0,0,1,1]
[0,0,0,0,1,0,1,0,0,0,0]
[0,1,1,1,0,0,0,1,1,1,0]
[0,1,0,1,0,0,0,1,0,1,0]
[0,1,0,1,0,1,0,1,0,1,0]
[0,0,0,0,0,1,0,0,0,0,0]



//Value Iteration Analysis//
Passes: 1
Passes: 2
Passes: 3
Passes: 4
...
Passes: 998
Passes: 999
Passes: 1000
Value Iteration,365998,5971,110386,30738,12895,5387,1532,4875,8678,219,61,37,39,35,37,41,41,36,43,40,42,51,38,39,37,36,47,46,41,36,47,41,35,41,41,48,40,46,41,31,36,35,33,55,37,37,37,34,33,33,40,47,45,46,46,45,48,43,37,34,48,38,37,40,39,49,37,57,37,39,51,39,33,33,42,40,41,35,34,40,42,36,43,44,36,38,39,41,41,44,41,37,39,43,43,40,36,41,35,34,48,41,39,39,54,36,41,38,36,45,30,40,48,39,38,36,43,32,40,33,41,40,45,32,33,34,43,47,40,43,40,36,35,39,41,43,39,49,35,38,39,35,38,38,44,48,40,37,40,34,38,47,34,39,46,40,34,33,35,37,43,36,36,50,39,43,37,52,55,44,37,57,43,41,33,40,40,37,43,32,46,39,43,33,44,39,43,48,44,34,35,42,32,37,46,35,40,39,42,36,36,34,47,34,31,37,41,41,43,39,45,36,53,40,39,42,39,43,37,41,35,42,40,36,40,56,37,36,36,48,47,40,39,46,29,47,36,36,36,50,37,39,36,38,33,46,41,38,38,33,40,47,35,35,40,43,41,48,45,37,43,39,44,38,36,32,31,38,41,37,42,40,45,47,43,37,38,44,36,39,40,47,35,36,42,37,40,42,43,49,44,33,40,38,39,38,41,33,38,37,33,42,44,47,40,33,48,45,38,37,46,42,45,38,42,38,41,31,47,36,38,35,45,43,37,43,35,36,40,44,37,43,40,41,43,41,39,36,38,32,46,48,45,46,45,39,39,42,44,37,35,39,36,33,36,36,47,33,30,34,44,34,43,36,39,42,33,36,40,43,31,39,39,49,48,40,30,43,42,38,37,52,39,35,43,37,42,38,36,37,54,39,44,30,50,47,41,39,34,36,41,32,34,37,34,33,37,47,37,48,37,44,34,39,44,36,47,42,37,41,44,42,35,39,40,37,42,48,39,34,40,43,36,38,39,34,47,32,42,40,41,34,52,31,40,41,48,34,36,40,38,33,47,34,42,52,35,36,52,34,41,32,47,39,41,35,45,47,35,36,38,38,40,39,46,43,32,36,39,39,46,37,53,36,35,38,41,43,37,35,47,38,41,43,39,48,38,41,41,40,36,45,41,42,37,43,46,39,42,37,32,42,40,32,35,45,48,41,54,40,39,48,36,34,42,46,35,38,30,43,30,38,48,36,37,56,40,34,37,39,38,33,39,35,37,38,40,38,39,41,43,34,51,49,40,41,38,46,35,43,37,42,49,34,33,36,41,37,56,38,40,45,41,44,36,37,34,43,43,35,52,35,44,31,38,39,39,41,37,37,32,36,32,45,35,34,43,47,40,36,36,37,38,32,38,34,40,44,36,35,39,37,42,40,33,44,33,41,31,45,41,39,41,41,42,53,39,50,34,32,52,38,37,50,38,30,37,36,43,40,42,37,52,32,40,43,37,50,45,48,35,35,34,34,45,44,35,40,33,38,33,40,35,40,38,40,42,37,35,49,41,45,40,35,43,42,36,44,52,39,44,34,34,40,35,37,35,43,36,39,41,44,39,41,40,33,38,55,32,46,40,38,42,32,43,38,37,39,42,43,47,50,42,38,42,36,43,44,37,39,37,38,32,40,39,40,36,37,34,42,36,32,38,49,36,57,34,36,32,36,39,37,38,38,33,31,37,42,39,34,42,33,42,41,52,32,38,36,35,51,38,39,43,38,38,44,37,43,43,31,39,42,42,37,48,47,39,38,46,42,38,35,35,39,42,40,40,35,37,43,42,42,33,33,37,38,43,39,36,36,44,36,37,36,45,40,37,36,36,32,39,35,37,38,37,37,49,38,35,39,38,39,41,39,41,45,38,36,32,40,45,35,38,50,46,45,39,40,34,43,46,38,32,37,38,37,34,42,38,50,39,42,40,40,42,49,31,40,44,31,41,35,32,43,37,45,44,46,43,43,33,40,38,32,35,46,41,38,38,33,44,39,34,45,35,44,43,34,43,39,32,36,43,37,42,40,34,37,38,43,32,40,50,40,39,43,43,42,36,38,46,33,32,34,49,35,43,40,43,40,45,50,50,34,39,32,46,38,46,41,43,38,40,32,31,36,45,56,38,44,40,39,41,37,36,33,35,43,38,35,44,45,40,41,44,51,45,35,48,49,47,38,38,46,42,47,36,35,32,34,41,37,38,34,33,38,50,38,39,39,43,48,49,39,46,40,42,42,37,32,41,35,40,39,41,35,36,37,34,50

This is your optimal policy:
num of rows in policy is 11
[>,>,>,>,v,*,>,>,>,>,<]
[^,*,*,*,v,*,^,*,*,*,^]
[^,*,v,*,>,>,^,*,v,*,^]
[^,*,v,*,>,>,^,*,v,*,^]
[^,<,<,<,*,*,*,>,>,>,^]
[*,*,^,^,*,v,*,^,^,*,*]
[>,>,^,^,*,v,*,^,^,<,<]
[^,*,*,*,>,>,v,*,*,*,^]
[^,*,v,*,>,>,v,*,v,*,^]
[^,*,v,*,^,*,v,*,v,*,^]
[^,>,>,>,^,*,>,>,>,>,^]



//Policy Iteration Analysis//
Total policy iterations: 1
Total policy iterations: 2
Total policy iterations: 3
Total policy iterations: 4
...
Total policy iterations: 852
Total policy iterations: 853
Total policy iterations: 854
Total policy iterations: 855
Total policy iterations: 856
Total policy iterations: 857
...
Total policy iterations: 997
Total policy iterations: 998
Total policy iterations: 999
Total policy iterations: 1000
Policy Iteration,89540,17185,3625091,592428,38371,124193,11774,7611,6082,4119,10553,2942,614,36,44,48,39,43,35,32,47,38,38,41,39,35,45,37,40,32,49,34,43,38,33,47,47,36,32,41,34,41,31,38,31,45,37,40,32,40,41,36,48,34,38,40,40,37,41,46,40,36,32,39,42,46,36,34,39,40,39,44,36,45,34,39,41,47,41,39,41,40,38,37,40,43,40,40,42,37,38,46,41,38,30,35,44,54,41,33,32,43,45,35,33,42,39,47,41,37,32,41,38,37,39,37,38,49,42,34,34,48,46,39,38,33,36,33,48,38,33,32,48,41,42,36,34,40,56,36,33,47,33,33,41,37,46,32,44,46,37,32,46,35,33,51,45,37,44,36,42,35,50,38,39,37,42,45,34,45,38,32,29,33,39,38,31,50,47,38,41,35,51,35,31,38,43,37,38,31,43,42,33,48,34,34,38,30,37,36,46,35,38,29,47,39,35,31,42,36,45,35,38,35,36,37,41,34,47,48,42,42,48,44,49,32,42,44,29,34,39,39,29,33,40,48,34,35,41,39,34,33,35,40,35,43,39,46,38,49,39,31,40,44,37,36,39,47,35,41,34,40,52,39,49,37,47,41,40,40,41,35,33,42,38,35,44,43,41,35,34,41,44,39,37,36,49,37,51,46,39,31,32,37,35,33,53,40,35,46,31,38,39,43,38,36,39,45,41,36,38,40,38,42,40,40,36,35,35,47,41,39,38,38,35,38,38,44,54,34,43,38,36,45,34,41,46,41,33,31,38,41,37,33,39,41,40,34,48,33,40,40,39,36,45,35,34,43,35,43,33,36,42,50,35,38,35,41,37,38,42,41,41,38,44,32,43,36,48,36,40,34,36,41,37,48,54,35,44,37,39,45,37,31,38,40,43,49,32,37,35,39,36,42,33,44,37,33,32,34,51,44,38,43,38,40,49,49,36,40,36,31,39,42,45,30,37,37,47,34,42,39,41,40,45,33,47,32,37,33,37,40,47,36,41,45,36,41,35,51,33,46,35,38,45,36,41,36,33,34,38,43,49,40,38,34,38,42,35,41,36,35,37,37,40,39,39,33,40,30,35,36,34,42,40,42,39,45,39,38,33,42,48,53,44,37,43,34,46,37,37,38,52,38,40,39,40,38,33,40,45,39,32,40,41,41,33,43,42,39,40,40,37,38,33,33,38,43,37,34,38,36,38,37,37,38,38,31,38,51,38,45,47,40,37,41,40,43,35,35,32,41,33,35,33,35,42,34,34,38,41,35,32,43,34,39,41,40,30,32,38,40,47,42,37,42,42,40,31,45,36,44,35,38,40,47,35,34,40,40,41,36,39,40,35,48,45,37,36,38,46,38,37,34,47,38,33,33,41,47,42,42,41,33,41,41,41,39,37,44,43,35,34,38,38,36,36,40,50,43,36,37,34,40,34,38,33,38,32,35,32,33,42,42,45,40,39,36,39,44,46,37,39,33,38,34,38,36,41,39,38,41,34,38,41,42,35,34,43,46,41,35,45,44,45,44,48,44,38,43,36,33,38,35,39,38,42,40,39,43,40,41,41,39,41,38,40,41,41,52,44,45,34,41,39,35,36,42,43,41,34,36,36,38,39,33,44,37,37,37,49,38,36,34,40,40,46,40,35,36,41,40,49,33,49,36,39,38,48,43,40,39,42,40,50,43,39,42,32,50,52,36,36,37,35,54,33,45,53,40,41,40,41,33,38,38,36,37,36,37,38,33,42,43,39,39,44,42,48,37,46,38,31,35,42,44,45,47,34,36,39,44,42,42,39,35,38,45,41,46,36,42,39,41,37,46,46,39,34,38,44,38,30,42,42,36,39,49,44,47,55,36,51,39,53,44,35,38,47,39,42,36,52,34,44,41,41,38,39,45,43,36,43,40,38,36,35,38,42,36,36,36,42,34,39,37,42,35,46,49,40,40,41,36,44,41,39,34,39,35,42,35,40,34,52,33,51,40,34,34,52,36,56,47,35,36,40,42,44,42,45,34,36,36,31,36,43,35,32,37,35,42,37,36,41,40,36,60,37,39,43,43,36,39,37,41,53,44,41,36,36,33,36,33,39,38,39,33,43,42,38,48,44,37,42,42,36,46,30,34,44,40,36,32,37,32,36,48,41,47,33,42,36,35,37,35,44,48,48,45,36,32,46,37,41,33,51,44,35,38,36,46,46,41,43,35,39,38,39,32,46,38,41,35,41,40,43,31,37,45,42,44,38,37,39,41,40,35,33,34
Passes: 33

This is your optimal policy:
num of rows in policy is 11
[>,>,>,>,v,*,>,>,>,>,>]
[^,*,*,*,v,*,^,*,*,*,^]
[^,*,v,*,>,>,^,*,v,*,^]
[^,*,v,*,>,>,^,*,v,*,^]
[^,<,<,<,*,*,*,>,>,>,^]
[*,*,^,^,*,v,*,^,^,*,*]
[>,>,^,^,*,v,*,^,^,<,<]
[^,*,*,*,>,>,v,*,*,*,^]
[^,*,v,*,>,>,v,*,v,*,^]
[^,*,v,*,^,*,v,*,v,*,^]
[^,>,>,>,^,*,>,>,>,>,^]



Num generated: 988; num unique: 78
//Q Learning Analysis//
Q Learning,672,925,1649,375,765,210,232,310,362,274,151,315,241,189,61,108,100,165,171,131,107,136,209,126,109,110,90,59,104,77,87,88,96,115,60,57,90,87,137,78,81,130,46,309,74,103,54,90,70,76,55,264,71,47,177,44,65,148,79,68,227,42,280,51,53,42,79,41,134,163,71,154,78,75,169,68,185,55,64,93,106,126,46,66,50,76,215,92,73,98,74,90,72,126,93,65,56,50,88,47,66,78,45,59,83,71,94,356,84,93,58,49,127,53,53,54,62,40,57,215,100,49,59,103,71,91,133,61,139,158,78,62,250,58,61,97,177,109,95,69,51,63,53,46,81,42,71,49,252,63,121,48,96,56,50,57,147,130,56,62,52,97,125,44,80,67,69,76,81,75,72,79,72,45,49,98,62,42,82,77,51,55,57,84,40,121,52,56,50,99,51,68,87,148,39,65,135,94,41,62,48,53,45,59,59,49,105,60,111,53,45,63,95,72,231,66,56,62,144,117,96,133,64,69,56,93,106,67,59,53,85,52,55,66,62,61,80,72,54,87,151,141,83,61,92,76,69,86,52,75,72,109,58,62,108,45,52,207,46,102,91,45,78,65,75,63,116,51,76,42,67,47,92,58,66,89,60,96,52,53,91,77,51,68,58,56,102,68,66,52,53,57,119,108,55,104,56,52,58,81,144,56,55,79,44,57,51,43,63,189,40,72,90,112,60,105,50,51,94,132,171,107,58,43,81,122,104,72,102,49,156,93,780,77,47,80,48,90,91,87,79,89,101,50,87,169,42,95,128,63,72,50,66,54,47,61,88,73,40,50,75,205,68,41,52,60,68,68,52,86,51,100,72,128,40,90,85,54,95,56,73,92,111,45,79,59,63,107,40,165,128,93,56,82,54,104,97,54,68,80,46,42,61,52,73,80,103,114,129,117,87,66,68,81,53,53,43,88,50,69,64,92,61,54,254,69,53,73,68,45,59,42,124,55,93,70,109,49,42,60,48,88,44,60,110,72,121,50,46,51,72,57,52,48,46,52,51,94,118,167,45,60,66,108,127,76,75,32,56,96,62,171,51,118,101,70,94,76,47,62,58,49,106,39,61,135,61,100,46,51,67,107,131,53,41,78,48,91,77,58,79,134,50,44,162,62,43,75,49,110,140,86,78,47,56,165,57,74,149,103,63,45,67,98,83,77,132,86,44,52,114,43,57,58,47,85,58,81,131,44,102,39,60,79,83,110,58,41,63,43,110,83,78,39,52,55,169,204,54,70,79,58,128,91,45,90,63,49,40,100,92,74,50,154,55,101,50,56,66,66,94,114,73,54,62,51,62,56,82,65,96,90,108,66,79,57,56,70,99,79,62,112,101,171,68,61,56,109,67,53,119,95,87,74,64,121,68,53,49,79,49,160,40,58,115,55,101,147,50,54,116,75,46,47,56,57,56,124,33,75,151,57,74,54,84,84,59,59,56,101,147,48,55,74,57,82,81,130,179,63,47,73,46,158,74,117,80,68,53,40,66,52,39,72,100,91,87,73,57,62,80,59,52,48,91,96,75,52,100,50,57,56,41,66,91,124,77,67,53,77,56,83,112,125,177,78,64,55,75,55,197,68,180,77,102,128,94,49,80,73,530,56,177,113,134,68,62,122,64,58,98,195,48,79,38,76,94,64,87,47,88,116,48,74,46,77,227,51,75,46,52,52,60,39,74,44,84,76,100,38,52,46,84,66,40,70,60,44,45,47,83,85,76,43,52,60,66,130,71,56,110,41,42,49,114,143,50,169,96,58,65,93,94,153,48,433,108,70,46,129,159,48,80,107,77,74,60,62,73,49,69,54,56,166,81,58,149,48,72,82,69,42,42,61,70,63,61,37,61,76,292,73,58,92,74,60,89,48,110,47,118,76,87,93,154,69,54,62,81,57,88,94,67,71,38,53,69,86,47,59,56,208,100,71,100,50,42,76,67,48,52,169,64,42,81,101,58,54,56,42,50,57,65,124,63,63,58,77,75,59,53,97,87,84,115,63,82,88,51,64,101,82,62,53,38,113,69,100,90,123,95,60,58,61,68,103,124,97,37,104,119,111,72,53,195,100,48,56,79,58,52,71,115,112,45,47,64,99,59,59,60,56,48,84,170,57,66,94,73,72,52,172,76,58,85,85,153,183,169,40,50,48,48,101,64,105,56,46,74,62,49,123,58,90,94,86,74,57,65,54,59,85,80,131,72,51,58,44,51,130,262,88,60,39,137,59,70,77,57,65
Passes: 33

This is your optimal policy:
num of rows in policy is 11
[>,>,v,>,v,*,>,>,>,>,<]
[^,*,*,*,v,*,^,*,*,*,^]
[^,*,v,*,v,>,^,*,v,*,^]
[^,*,v,*,>,^,v,*,^,*,^]
[^,<,<,v,*,*,*,v,>,>,^]
[*,*,^,>,*,v,*,^,^,*,*]
[>,>,^,^,*,<,*,^,v,<,^]
[^,*,*,*,>,>,v,*,*,*,^]
[^,*,>,*,>,>,v,*,v,*,>]
[^,*,>,*,^,*,v,*,v,*,<]
[^,<,>,>,^,*,>,>,>,>,^]



Num generated: 988; num unique: 78
//Aggregate Analysis//

The data below shows the number of steps/actions the agent required to reach
the terminal state given the number of iterations the algorithm was run.
Iterations,1,2,3,4,5,6,7,8,9,10,11,12,13,14,15,16,17,18,19,20,21,22,23,24,25,26,27,28,29,30,31,32,33,34,35,36,37,38,39,40,41,42,43,44,45,46,47,48,49,50,51,52,53,54,55,56,57,58,59,60,61,62,63,64,65,66,67,68,69,70,71,72,73,74,75,76,77,78,79,80,81,82,83,84,85,86,87,88,89,90,91,92,93,94,95,96,97,98,99,100,101,102,103,104,105,106,107,108,109,110,111,112,113,114,115,116,117,118,119,120,121,122,123,124,125,126,127,128,129,130,131,132,133,134,135,136,137,138,139,140,141,142,143,144,145,146,147,148,149,150,151,152,153,154,155,156,157,158,159,160,161,162,163,164,165,166,167,168,169,170,171,172,173,174,175,176,177,178,179,180,181,182,183,184,185,186,187,188,189,190,191,192,193,194,195,196,197,198,199,200,201,202,203,204,205,206,207,208,209,210,211,212,213,214,215,216,217,218,219,220,221,222,223,224,225,226,227,228,229,230,231,232,233,234,235,236,237,238,239,240,241,242,243,244,245,246,247,248,249,250,251,252,253,254,255,256,257,258,259,260,261,262,263,264,265,266,267,268,269,270,271,272,273,274,275,276,277,278,279,280,281,282,283,284,285,286,287,288,289,290,291,292,293,294,295,296,297,298,299,300,301,302,303,304,305,306,307,308,309,310,311,312,313,314,315,316,317,318,319,320,321,322,323,324,325,326,327,328,329,330,331,332,333,334,335,336,337,338,339,340,341,342,343,344,345,346,347,348,349,350,351,352,353,354,355,356,357,358,359,360,361,362,363,364,365,366,367,368,369,370,371,372,373,374,375,376,377,378,379,380,381,382,383,384,385,386,387,388,389,390,391,392,393,394,395,396,397,398,399,400,401,402,403,404,405,406,407,408,409,410,411,412,413,414,415,416,417,418,419,420,421,422,423,424,425,426,427,428,429,430,431,432,433,434,435,436,437,438,439,440,441,442,443,444,445,446,447,448,449,450,451,452,453,454,455,456,457,458,459,460,461,462,463,464,465,466,467,468,469,470,471,472,473,474,475,476,477,478,479,480,481,482,483,484,485,486,487,488,489,490,491,492,493,494,495,496,497,498,499,500,501,502,503,504,505,506,507,508,509,510,511,512,513,514,515,516,517,518,519,520,521,522,523,524,525,526,527,528,529,530,531,532,533,534,535,536,537,538,539,540,541,542,543,544,545,546,547,548,549,550,551,552,553,554,555,556,557,558,559,560,561,562,563,564,565,566,567,568,569,570,571,572,573,574,575,576,577,578,579,580,581,582,583,584,585,586,587,588,589,590,591,592,593,594,595,596,597,598,599,600,601,602,603,604,605,606,607,608,609,610,611,612,613,614,615,616,617,618,619,620,621,622,623,624,625,626,627,628,629,630,631,632,633,634,635,636,637,638,639,640,641,642,643,644,645,646,647,648,649,650,651,652,653,654,655,656,657,658,659,660,661,662,663,664,665,666,667,668,669,670,671,672,673,674,675,676,677,678,679,680,681,682,683,684,685,686,687,688,689,690,691,692,693,694,695,696,697,698,699,700,701,702,703,704,705,706,707,708,709,710,711,712,713,714,715,716,717,718,719,720,721,722,723,724,725,726,727,728,729,730,731,732,733,734,735,736,737,738,739,740,741,742,743,744,745,746,747,748,749,750,751,752,753,754,755,756,757,758,759,760,761,762,763,764,765,766,767,768,769,770,771,772,773,774,775,776,777,778,779,780,781,782,783,784,785,786,787,788,789,790,791,792,793,794,795,796,797,798,799,800,801,802,803,804,805,806,807,808,809,810,811,812,813,814,815,816,817,818,819,820,821,822,823,824,825,826,827,828,829,830,831,832,833,834,835,836,837,838,839,840,841,842,843,844,845,846,847,848,849,850,851,852,853,854,855,856,857,858,859,860,861,862,863,864,865,866,867,868,869,870,871,872,873,874,875,876,877,878,879,880,881,882,883,884,885,886,887,888,889,890,891,892,893,894,895,896,897,898,899,900,901,902,903,904,905,906,907,908,909,910,911,912,913,914,915,916,917,918,919,920,921,922,923,924,925,926,927,928,929,930,931,932,933,934,935,936,937,938,939,940,941,942,943,944,945,946,947,948,949,950,951,952,953,954,955,956,957,958,959,960,961,962,963,964,965,966,967,968,969,970,971,972,973,974,975,976,977,978,979,980,981,982,983,984,985,986,987,988,989,990,991,992,993,994,995,996,997,998,999,1000
Value Iteration,365998,5971,110386,30738,12895,5387,1532,4875,8678,219,61,37,39,35,37,41,41,36,43,40,42,51,38,39,37,36,47,46,41,36,47,41,35,41,41,48,40,46,41,31,36,35,33,55,37,37,37,34,33,33,40,47,45,46,46,45,48,43,37,34,48,38,37,40,39,49,37,57,37,39,51,39,33,33,42,40,41,35,34,40,42,36,43,44,36,38,39,41,41,44,41,37,39,43,43,40,36,41,35,34,48,41,39,39,54,36,41,38,36,45,30,40,48,39,38,36,43,32,40,33,41,40,45,32,33,34,43,47,40,43,40,36,35,39,41,43,39,49,35,38,39,35,38,38,44,48,40,37,40,34,38,47,34,39,46,40,34,33,35,37,43,36,36,50,39,43,37,52,55,44,37,57,43,41,33,40,40,37,43,32,46,39,43,33,44,39,43,48,44,34,35,42,32,37,46,35,40,39,42,36,36,34,47,34,31,37,41,41,43,39,45,36,53,40,39,42,39,43,37,41,35,42,40,36,40,56,37,36,36,48,47,40,39,46,29,47,36,36,36,50,37,39,36,38,33,46,41,38,38,33,40,47,35,35,40,43,41,48,45,37,43,39,44,38,36,32,31,38,41,37,42,40,45,47,43,37,38,44,36,39,40,47,35,36,42,37,40,42,43,49,44,33,40,38,39,38,41,33,38,37,33,42,44,47,40,33,48,45,38,37,46,42,45,38,42,38,41,31,47,36,38,35,45,43,37,43,35,36,40,44,37,43,40,41,43,41,39,36,38,32,46,48,45,46,45,39,39,42,44,37,35,39,36,33,36,36,47,33,30,34,44,34,43,36,39,42,33,36,40,43,31,39,39,49,48,40,30,43,42,38,37,52,39,35,43,37,42,38,36,37,54,39,44,30,50,47,41,39,34,36,41,32,34,37,34,33,37,47,37,48,37,44,34,39,44,36,47,42,37,41,44,42,35,39,40,37,42,48,39,34,40,43,36,38,39,34,47,32,42,40,41,34,52,31,40,41,48,34,36,40,38,33,47,34,42,52,35,36,52,34,41,32,47,39,41,35,45,47,35,36,38,38,40,39,46,43,32,36,39,39,46,37,53,36,35,38,41,43,37,35,47,38,41,43,39,48,38,41,41,40,36,45,41,42,37,43,46,39,42,37,32,42,40,32,35,45,48,41,54,40,39,48,36,34,42,46,35,38,30,43,30,38,48,36,37,56,40,34,37,39,38,33,39,35,37,38,40,38,39,41,43,34,51,49,40,41,38,46,35,43,37,42,49,34,33,36,41,37,56,38,40,45,41,44,36,37,34,43,43,35,52,35,44,31,38,39,39,41,37,37,32,36,32,45,35,34,43,47,40,36,36,37,38,32,38,34,40,44,36,35,39,37,42,40,33,44,33,41,31,45,41,39,41,41,42,53,39,50,34,32,52,38,37,50,38,30,37,36,43,40,42,37,52,32,40,43,37,50,45,48,35,35,34,34,45,44,35,40,33,38,33,40,35,40,38,40,42,37,35,49,41,45,40,35,43,42,36,44,52,39,44,34,34,40,35,37,35,43,36,39,41,44,39,41,40,33,38,55,32,46,40,38,42,32,43,38,37,39,42,43,47,50,42,38,42,36,43,44,37,39,37,38,32,40,39,40,36,37,34,42,36,32,38,49,36,57,34,36,32,36,39,37,38,38,33,31,37,42,39,34,42,33,42,41,52,32,38,36,35,51,38,39,43,38,38,44,37,43,43,31,39,42,42,37,48,47,39,38,46,42,38,35,35,39,42,40,40,35,37,43,42,42,33,33,37,38,43,39,36,36,44,36,37,36,45,40,37,36,36,32,39,35,37,38,37,37,49,38,35,39,38,39,41,39,41,45,38,36,32,40,45,35,38,50,46,45,39,40,34,43,46,38,32,37,38,37,34,42,38,50,39,42,40,40,42,49,31,40,44,31,41,35,32,43,37,45,44,46,43,43,33,40,38,32,35,46,41,38,38,33,44,39,34,45,35,44,43,34,43,39,32,36,43,37,42,40,34,37,38,43,32,40,50,40,39,43,43,42,36,38,46,33,32,34,49,35,43,40,43,40,45,50,50,34,39,32,46,38,46,41,43,38,40,32,31,36,45,56,38,44,40,39,41,37,36,33,35,43,38,35,44,45,40,41,44,51,45,35,48,49,47,38,38,46,42,47,36,35,32,34,41,37,38,34,33,38,50,38,39,39,43,48,49,39,46,40,42,42,37,32,41,35,40,39,41,35,36,37,34,50
Policy Iteration,89540,17185,3625091,592428,38371,124193,11774,7611,6082,4119,10553,2942,614,36,44,48,39,43,35,32,47,38,38,41,39,35,45,37,40,32,49,34,43,38,33,47,47,36,32,41,34,41,31,38,31,45,37,40,32,40,41,36,48,34,38,40,40,37,41,46,40,36,32,39,42,46,36,34,39,40,39,44,36,45,34,39,41,47,41,39,41,40,38,37,40,43,40,40,42,37,38,46,41,38,30,35,44,54,41,33,32,43,45,35,33,42,39,47,41,37,32,41,38,37,39,37,38,49,42,34,34,48,46,39,38,33,36,33,48,38,33,32,48,41,42,36,34,40,56,36,33,47,33,33,41,37,46,32,44,46,37,32,46,35,33,51,45,37,44,36,42,35,50,38,39,37,42,45,34,45,38,32,29,33,39,38,31,50,47,38,41,35,51,35,31,38,43,37,38,31,43,42,33,48,34,34,38,30,37,36,46,35,38,29,47,39,35,31,42,36,45,35,38,35,36,37,41,34,47,48,42,42,48,44,49,32,42,44,29,34,39,39,29,33,40,48,34,35,41,39,34,33,35,40,35,43,39,46,38,49,39,31,40,44,37,36,39,47,35,41,34,40,52,39,49,37,47,41,40,40,41,35,33,42,38,35,44,43,41,35,34,41,44,39,37,36,49,37,51,46,39,31,32,37,35,33,53,40,35,46,31,38,39,43,38,36,39,45,41,36,38,40,38,42,40,40,36,35,35,47,41,39,38,38,35,38,38,44,54,34,43,38,36,45,34,41,46,41,33,31,38,41,37,33,39,41,40,34,48,33,40,40,39,36,45,35,34,43,35,43,33,36,42,50,35,38,35,41,37,38,42,41,41,38,44,32,43,36,48,36,40,34,36,41,37,48,54,35,44,37,39,45,37,31,38,40,43,49,32,37,35,39,36,42,33,44,37,33,32,34,51,44,38,43,38,40,49,49,36,40,36,31,39,42,45,30,37,37,47,34,42,39,41,40,45,33,47,32,37,33,37,40,47,36,41,45,36,41,35,51,33,46,35,38,45,36,41,36,33,34,38,43,49,40,38,34,38,42,35,41,36,35,37,37,40,39,39,33,40,30,35,36,34,42,40,42,39,45,39,38,33,42,48,53,44,37,43,34,46,37,37,38,52,38,40,39,40,38,33,40,45,39,32,40,41,41,33,43,42,39,40,40,37,38,33,33,38,43,37,34,38,36,38,37,37,38,38,31,38,51,38,45,47,40,37,41,40,43,35,35,32,41,33,35,33,35,42,34,34,38,41,35,32,43,34,39,41,40,30,32,38,40,47,42,37,42,42,40,31,45,36,44,35,38,40,47,35,34,40,40,41,36,39,40,35,48,45,37,36,38,46,38,37,34,47,38,33,33,41,47,42,42,41,33,41,41,41,39,37,44,43,35,34,38,38,36,36,40,50,43,36,37,34,40,34,38,33,38,32,35,32,33,42,42,45,40,39,36,39,44,46,37,39,33,38,34,38,36,41,39,38,41,34,38,41,42,35,34,43,46,41,35,45,44,45,44,48,44,38,43,36,33,38,35,39,38,42,40,39,43,40,41,41,39,41,38,40,41,41,52,44,45,34,41,39,35,36,42,43,41,34,36,36,38,39,33,44,37,37,37,49,38,36,34,40,40,46,40,35,36,41,40,49,33,49,36,39,38,48,43,40,39,42,40,50,43,39,42,32,50,52,36,36,37,35,54,33,45,53,40,41,40,41,33,38,38,36,37,36,37,38,33,42,43,39,39,44,42,48,37,46,38,31,35,42,44,45,47,34,36,39,44,42,42,39,35,38,45,41,46,36,42,39,41,37,46,46,39,34,38,44,38,30,42,42,36,39,49,44,47,55,36,51,39,53,44,35,38,47,39,42,36,52,34,44,41,41,38,39,45,43,36,43,40,38,36,35,38,42,36,36,36,42,34,39,37,42,35,46,49,40,40,41,36,44,41,39,34,39,35,42,35,40,34,52,33,51,40,34,34,52,36,56,47,35,36,40,42,44,42,45,34,36,36,31,36,43,35,32,37,35,42,37,36,41,40,36,60,37,39,43,43,36,39,37,41,53,44,41,36,36,33,36,33,39,38,39,33,43,42,38,48,44,37,42,42,36,46,30,34,44,40,36,32,37,32,36,48,41,47,33,42,36,35,37,35,44,48,48,45,36,32,46,37,41,33,51,44,35,38,36,46,46,41,43,35,39,38,39,32,46,38,41,35,41,40,43,31,37,45,42,44,38,37,39,41,40,35,33,34
Q Learning,672,925,1649,375,765,210,232,310,362,274,151,315,241,189,61,108,100,165,171,131,107,136,209,126,109,110,90,59,104,77,87,88,96,115,60,57,90,87,137,78,81,130,46,309,74,103,54,90,70,76,55,264,71,47,177,44,65,148,79,68,227,42,280,51,53,42,79,41,134,163,71,154,78,75,169,68,185,55,64,93,106,126,46,66,50,76,215,92,73,98,74,90,72,126,93,65,56,50,88,47,66,78,45,59,83,71,94,356,84,93,58,49,127,53,53,54,62,40,57,215,100,49,59,103,71,91,133,61,139,158,78,62,250,58,61,97,177,109,95,69,51,63,53,46,81,42,71,49,252,63,121,48,96,56,50,57,147,130,56,62,52,97,125,44,80,67,69,76,81,75,72,79,72,45,49,98,62,42,82,77,51,55,57,84,40,121,52,56,50,99,51,68,87,148,39,65,135,94,41,62,48,53,45,59,59,49,105,60,111,53,45,63,95,72,231,66,56,62,144,117,96,133,64,69,56,93,106,67,59,53,85,52,55,66,62,61,80,72,54,87,151,141,83,61,92,76,69,86,52,75,72,109,58,62,108,45,52,207,46,102,91,45,78,65,75,63,116,51,76,42,67,47,92,58,66,89,60,96,52,53,91,77,51,68,58,56,102,68,66,52,53,57,119,108,55,104,56,52,58,81,144,56,55,79,44,57,51,43,63,189,40,72,90,112,60,105,50,51,94,132,171,107,58,43,81,122,104,72,102,49,156,93,780,77,47,80,48,90,91,87,79,89,101,50,87,169,42,95,128,63,72,50,66,54,47,61,88,73,40,50,75,205,68,41,52,60,68,68,52,86,51,100,72,128,40,90,85,54,95,56,73,92,111,45,79,59,63,107,40,165,128,93,56,82,54,104,97,54,68,80,46,42,61,52,73,80,103,114,129,117,87,66,68,81,53,53,43,88,50,69,64,92,61,54,254,69,53,73,68,45,59,42,124,55,93,70,109,49,42,60,48,88,44,60,110,72,121,50,46,51,72,57,52,48,46,52,51,94,118,167,45,60,66,108,127,76,75,32,56,96,62,171,51,118,101,70,94,76,47,62,58,49,106,39,61,135,61,100,46,51,67,107,131,53,41,78,48,91,77,58,79,134,50,44,162,62,43,75,49,110,140,86,78,47,56,165,57,74,149,103,63,45,67,98,83,77,132,86,44,52,114,43,57,58,47,85,58,81,131,44,102,39,60,79,83,110,58,41,63,43,110,83,78,39,52,55,169,204,54,70,79,58,128,91,45,90,63,49,40,100,92,74,50,154,55,101,50,56,66,66,94,114,73,54,62,51,62,56,82,65,96,90,108,66,79,57,56,70,99,79,62,112,101,171,68,61,56,109,67,53,119,95,87,74,64,121,68,53,49,79,49,160,40,58,115,55,101,147,50,54,116,75,46,47,56,57,56,124,33,75,151,57,74,54,84,84,59,59,56,101,147,48,55,74,57,82,81,130,179,63,47,73,46,158,74,117,80,68,53,40,66,52,39,72,100,91,87,73,57,62,80,59,52,48,91,96,75,52,100,50,57,56,41,66,91,124,77,67,53,77,56,83,112,125,177,78,64,55,75,55,197,68,180,77,102,128,94,49,80,73,530,56,177,113,134,68,62,122,64,58,98,195,48,79,38,76,94,64,87,47,88,116,48,74,46,77,227,51,75,46,52,52,60,39,74,44,84,76,100,38,52,46,84,66,40,70,60,44,45,47,83,85,76,43,52,60,66,130,71,56,110,41,42,49,114,143,50,169,96,58,65,93,94,153,48,433,108,70,46,129,159,48,80,107,77,74,60,62,73,49,69,54,56,166,81,58,149,48,72,82,69,42,42,61,70,63,61,37,61,76,292,73,58,92,74,60,89,48,110,47,118,76,87,93,154,69,54,62,81,57,88,94,67,71,38,53,69,86,47,59,56,208,100,71,100,50,42,76,67,48,52,169,64,42,81,101,58,54,56,42,50,57,65,124,63,63,58,77,75,59,53,97,87,84,115,63,82,88,51,64,101,82,62,53,38,113,69,100,90,123,95,60,58,61,68,103,124,97,37,104,119,111,72,53,195,100,48,56,79,58,52,71,115,112,45,47,64,99,59,59,60,56,48,84,170,57,66,94,73,72,52,172,76,58,85,85,153,183,169,40,50,48,48,101,64,105,56,46,74,62,49,123,58,90,94,86,74,57,65,54,59,85,80,131,72,51,58,44,51,130,262,88,60,39,137,59,70,77,57,65

The data below shows the number of milliseconds the algorithm required to generate
the optimal policy given the number of iterations the algorithm was run.
Iterations,1,2,3,4,5,6,7,8,9,10,11,12,13,14,15,16,17,18,19,20,21,22,23,24,25,26,27,28,29,30,31,32,33,34,35,36,37,38,39,40,41,42,43,44,45,46,47,48,49,50,51,52,53,54,55,56,57,58,59,60,61,62,63,64,65,66,67,68,69,70,71,72,73,74,75,76,77,78,79,80,81,82,83,84,85,86,87,88,89,90,91,92,93,94,95,96,97,98,99,100,101,102,103,104,105,106,107,108,109,110,111,112,113,114,115,116,117,118,119,120,121,122,123,124,125,126,127,128,129,130,131,132,133,134,135,136,137,138,139,140,141,142,143,144,145,146,147,148,149,150,151,152,153,154,155,156,157,158,159,160,161,162,163,164,165,166,167,168,169,170,171,172,173,174,175,176,177,178,179,180,181,182,183,184,185,186,187,188,189,190,191,192,193,194,195,196,197,198,199,200,201,202,203,204,205,206,207,208,209,210,211,212,213,214,215,216,217,218,219,220,221,222,223,224,225,226,227,228,229,230,231,232,233,234,235,236,237,238,239,240,241,242,243,244,245,246,247,248,249,250,251,252,253,254,255,256,257,258,259,260,261,262,263,264,265,266,267,268,269,270,271,272,273,274,275,276,277,278,279,280,281,282,283,284,285,286,287,288,289,290,291,292,293,294,295,296,297,298,299,300,301,302,303,304,305,306,307,308,309,310,311,312,313,314,315,316,317,318,319,320,321,322,323,324,325,326,327,328,329,330,331,332,333,334,335,336,337,338,339,340,341,342,343,344,345,346,347,348,349,350,351,352,353,354,355,356,357,358,359,360,361,362,363,364,365,366,367,368,369,370,371,372,373,374,375,376,377,378,379,380,381,382,383,384,385,386,387,388,389,390,391,392,393,394,395,396,397,398,399,400,401,402,403,404,405,406,407,408,409,410,411,412,413,414,415,416,417,418,419,420,421,422,423,424,425,426,427,428,429,430,431,432,433,434,435,436,437,438,439,440,441,442,443,444,445,446,447,448,449,450,451,452,453,454,455,456,457,458,459,460,461,462,463,464,465,466,467,468,469,470,471,472,473,474,475,476,477,478,479,480,481,482,483,484,485,486,487,488,489,490,491,492,493,494,495,496,497,498,499,500,501,502,503,504,505,506,507,508,509,510,511,512,513,514,515,516,517,518,519,520,521,522,523,524,525,526,527,528,529,530,531,532,533,534,535,536,537,538,539,540,541,542,543,544,545,546,547,548,549,550,551,552,553,554,555,556,557,558,559,560,561,562,563,564,565,566,567,568,569,570,571,572,573,574,575,576,577,578,579,580,581,582,583,584,585,586,587,588,589,590,591,592,593,594,595,596,597,598,599,600,601,602,603,604,605,606,607,608,609,610,611,612,613,614,615,616,617,618,619,620,621,622,623,624,625,626,627,628,629,630,631,632,633,634,635,636,637,638,639,640,641,642,643,644,645,646,647,648,649,650,651,652,653,654,655,656,657,658,659,660,661,662,663,664,665,666,667,668,669,670,671,672,673,674,675,676,677,678,679,680,681,682,683,684,685,686,687,688,689,690,691,692,693,694,695,696,697,698,699,700,701,702,703,704,705,706,707,708,709,710,711,712,713,714,715,716,717,718,719,720,721,722,723,724,725,726,727,728,729,730,731,732,733,734,735,736,737,738,739,740,741,742,743,744,745,746,747,748,749,750,751,752,753,754,755,756,757,758,759,760,761,762,763,764,765,766,767,768,769,770,771,772,773,774,775,776,777,778,779,780,781,782,783,784,785,786,787,788,789,790,791,792,793,794,795,796,797,798,799,800,801,802,803,804,805,806,807,808,809,810,811,812,813,814,815,816,817,818,819,820,821,822,823,824,825,826,827,828,829,830,831,832,833,834,835,836,837,838,839,840,841,842,843,844,845,846,847,848,849,850,851,852,853,854,855,856,857,858,859,860,861,862,863,864,865,866,867,868,869,870,871,872,873,874,875,876,877,878,879,880,881,882,883,884,885,886,887,888,889,890,891,892,893,894,895,896,897,898,899,900,901,902,903,904,905,906,907,908,909,910,911,912,913,914,915,916,917,918,919,920,921,922,923,924,925,926,927,928,929,930,931,932,933,934,935,936,937,938,939,940,941,942,943,944,945,946,947,948,949,950,951,952,953,954,955,956,957,958,959,960,961,962,963,964,965,966,967,968,969,970,971,972,973,974,975,976,977,978,979,980,981,982,983,984,985,986,987,988,989,990,991,992,993,994,995,996,997,998,999,1000
Value Iteration,73,4,4,3,4,6,6,6,7,9,9,9,12,11,11,12,12,14,13,15,15,15,15,17,17,20,38,34,35,133,22,21,22,23,26,25,26,28,29,28,29,28,29,29,30,30,31,35,32,31,33,34,37,37,36,36,36,39,39,42,39,42,41,44,44,43,42,45,46,45,47,47,50,48,51,50,48,50,53,52,54,55,53,54,56,58,62,60,62,60,62,61,61,63,63,61,66,66,66,64,69,65,70,67,68,71,69,70,72,71,72,74,75,72,76,76,75,77,79,78,78,79,79,83,83,79,78,82,91,84,86,88,84,89,88,88,91,87,89,91,90,92,96,89,90,93,94,94,96,97,93,100,101,101,101,100,102,102,103,105,103,107,103,109,107,106,107,108,107,111,110,111,111,123,114,113,111,113,125,120,114,117,117,121,119,119,125,125,121,125,123,123,123,126,128,132,125,129,127,133,143,128,135,135,132,131,133,133,128,136,135,137,161,135,137,134,136,141,137,143,144,144,142,145,149,148,149,147,148,169,147,149,150,154,152,151,152,158,155,158,156,156,155,160,156,159,158,161,157,165,163,168,166,164,160,162,167,165,167,166,165,170,174,167,171,173,181,171,174,171,175,174,177,178,176,178,180,178,180,208,178,182,181,183,187,186,184,189,186,201,197,188,192,184,187,194,194,198,192,194,201,197,198,192,194,197,198,200,199,205,203,196,204,200,204,203,209,206,208,206,210,210,206,215,210,220,210,212,212,214,219,215,216,212,213,216,218,220,216,218,223,221,224,220,235,229,230,220,226,226,223,240,228,234,228,226,229,234,230,231,236,229,237,237,236,231,237,238,237,240,242,240,240,240,243,247,241,246,248,288,241,248,245,254,247,250,255,247,246,252,250,269,248,254,257,255,253,252,255,278,261,254,263,262,260,256,262,258,262,266,269,301,265,282,271,263,264,272,264,282,269,276,278,276,273,278,278,276,282,272,273,275,280,280,276,286,281,284,279,284,284,282,287,283,288,289,288,286,288,293,287,290,287,293,293,293,296,297,293,293,298,302,298,298,313,303,302,295,301,298,302,318,305,305,308,305,307,301,312,307,305,312,312,307,311,308,318,314,314,312,316,320,316,313,315,310,312,320,316,323,318,322,321,326,326,322,325,326,325,336,333,326,341,322,326,331,332,332,362,330,329,338,340,333,341,340,342,340,346,338,347,339,339,345,342,339,346,339,341,353,343,340,351,352,351,351,350,353,357,355,361,355,345,353,350,368,355,355,361,356,356,375,361,361,359,366,356,371,364,370,360,363,369,371,366,375,370,369,375,373,371,382,375,374,377,371,381,375,373,381,378,382,382,381,384,383,393,390,384,395,384,395,394,379,389,390,387,384,393,388,394,389,386,391,395,393,398,389,397,397,395,399,396,400,398,402,406,402,403,401,406,402,403,430,416,409,405,408,412,416,418,410,411,413,407,415,414,414,415,414,418,416,422,418,420,420,411,423,423,422,428,424,424,423,425,424,427,433,432,442,421,429,425,423,445,429,436,436,434,435,431,442,437,439,436,438,437,447,449,439,441,444,449,445,448,447,445,457,445,454,437,446,453,464,452,453,452,455,462,445,457,457,463,456,455,461,462,463,460,463,452,461,462,465,468,468,463,466,467,468,474,464,470,463,478,470,481,466,560,530,488,471,482,468,473,475,481,482,476,476,477,484,478,482,477,486,474,484,479,491,483,491,487,486,490,494,487,515,485,484,494,502,498,507,493,487,497,501,500,496,496,501,502,500,502,565,543,549,504,530,521,507,504,503,505,507,515,511,509,514,525,514,510,508,539,608,516,515,518,521,514,519,528,569,521,520,511,519,522,526,526,527,519,530,518,538,524,522,526,552,559,533,536,529,534,535,528,527,535,540,541,540,530,543,539,542,540,541,539,538,539,547,539,553,541,541,560,548,544,547,541,552,543,546,546,545,555,550,553,558,553,569,556,562,569,588,560,634,562,559,568,554,561,575,557,561,562,570,560,569,565,571,579,570,580,590,618,634,593,591,639,579,588,582,583,596,589,581,591,608,596,678,587,610,626,592,597,602,591,591,610,588,599,612,612,601,605,592,586,590,609,595,595,597,609,607,595,592,595,604,606,602,593,604,605,609,610,598,610,600,612,615,611,606,603,610,612,614,622,602,623,621,628,615,613,609,617,612,622,623,621,616,618,622,620,623,623,624,654,776,663,739,703,636,713,668,738,720,733,857,727,630,765,674,820,646,731,787,647,644
Policy Iteration,5,4,5,7,7,11,10,12,14,13,15,16,18,20,19,20,22,24,25,28,28,29,29,33,32,35,35,42,44,140,41,41,43,42,48,46,48,54,48,50,103,54,55,58,56,60,60,61,107,63,64,65,64,68,69,72,74,72,76,75,80,78,97,81,79,83,92,116,100,87,91,93,93,108,92,93,96,100,120,101,127,105,105,125,120,111,129,116,138,115,117,116,128,150,122,129,122,146,131,130,130,151,129,136,138,132,157,134,141,149,166,146,142,142,183,144,148,182,158,153,161,184,154,155,157,175,168,165,198,169,164,164,189,167,173,199,170,171,180,193,186,186,199,183,182,183,208,184,184,208,208,199,207,192,195,222,203,197,217,205,213,232,201,207,230,218,220,214,233,212,218,229,226,251,230,224,248,224,225,246,228,224,247,244,233,259,237,246,319,317,354,324,252,243,262,260,269,251,261,275,256,256,281,260,259,271,264,282,268,283,337,275,271,290,269,297,274,281,306,312,300,323,339,333,314,296,298,298,388,411,349,316,300,303,319,299,318,307,347,321,322,330,315,318,321,326,394,412,433,369,329,357,322,335,337,326,348,321,328,346,324,361,333,337,481,410,402,359,383,349,348,372,343,369,352,343,393,393,380,392,388,369,354,400,379,415,390,367,381,375,401,366,386,397,387,426,415,438,501,469,387,385,404,407,429,424,406,388,387,417,391,408,398,459,398,428,462,412,443,408,486,475,477,443,442,427,418,478,471,447,470,417,453,424,497,446,525,488,448,443,454,489,521,538,523,518,549,494,502,520,470,439,481,453,447,473,528,544,523,523,464,504,456,453,496,461,495,470,502,571,559,575,468,494,477,491,555,509,475,568,491,550,479,486,582,482,558,533,514,487,540,536,515,565,610,597,497,547,554,528,517,513,550,564,572,613,562,645,608,650,586,523,592,674,665,531,662,692,732,555,535,561,543,557,538,571,547,562,547,554,591,574,590,549,580,562,766,797,587,560,555,580,556,580,565,572,615,588,669,595,581,612,580,574,588,581,599,625,595,586,624,602,656,586,618,587,643,623,598,633,608,631,599,625,650,624,595,719,643,611,632,672,632,612,804,739,1045,677,659,618,669,619,616,657,644,645,746,672,741,664,736,663,641,687,633,656,697,643,683,712,705,649,752,653,754,660,754,738,699,785,832,688,666,733,933,965,740,699,866,710,690,1031,806,707,689,697,698,767,697,686,786,780,781,692,800,771,770,682,721,782,710,790,789,699,708,761,758,783,717,766,755,760,724,719,745,710,821,734,777,733,748,721,742,795,744,742,896,730,806,819,744,826,764,772,770,783,833,812,892,765,831,829,835,751,764,769,777,772,767,776,762,939,872,1048,952,957,931,821,773,775,772,784,790,806,811,801,806,795,818,794,818,792,823,784,790,859,794,835,815,813,806,836,1027,868,885,823,920,888,904,908,926,837,826,831,816,929,810,828,833,948,913,825,955,887,876,961,952,1027,965,928,896,1084,1247,1265,1195,930,872,1048,1263,1154,912,940,917,933,978,927,898,876,876,1096,916,974,907,1006,980,910,982,881,981,884,1013,912,950,890,900,1063,1010,935,941,913,900,926,908,916,951,894,925,932,909,956,926,905,932,919,937,926,939,922,999,977,948,933,949,946,932,943,958,938,944,965,919,983,1769,1131,955,936,1021,989,1019,967,947,1018,1036,974,944,1001,1144,974,973,969,1090,988,1104,946,968,993,976,962,1104,1094,958,985,954,963,992,964,964,1042,970,982,989,1386,1085,998,1035,1008,1025,1051,1028,1004,1044,1000,1197,1042,1025,1006,1009,984,1015,1021,1108,1092,1061,1033,1018,1018,1027,998,1075,1126,1045,1105,1028,1114,1083,1066,1089,1050,1050,1051,1067,1043,1037,1173,1030,1102,1370,1149,1125,1041,1080,1030,1065,1064,1090,1059,1057,1092,1061,1088,1066,1077,1065,1062,1076,1086,1074,1105,1066,1076,1074,1081,1078,1079,1085,1081,1091,1116,1084,1082,1100,1069,1095,1085,1085,1088,1128,1091,1110,1093,1120,1135,1153,1127,1119,1167,1134,1102,1168,1202,1136,1122,1108,1114,1115,1136,1133,1115,1123,1146,1122,1196,1152,1324,1218,1129,1148,1134,1192,1145,1147,1130,1132,1157,1138,1178,1177,1163,1194,1177,1158,1177,1193,1177,1157,1171,1150,1194,1240,1134,1161,1144,1160,1171,1134,1151,1153,1159,1161,1138,1154,1156,1170,1177,1152,1165,1168,1183,1176,1163,1168,1161,1181,1170,1178,1169,1167,1173,1192,1194,1188,1176,1185,1188,1187,1187,1201,1175,1182,1190,1208,1193,1220,1191,1193,1198,1198,1207,1212,1190,1196,1227,1205,1228,1230,1201,1216,1216,1230,1245,1352,1276,1316,1343,1313,1269,1322,1377,1822,1427,1355,1334,1262,1482,1446,1455,1336,1277,1268,1261,1265,1256,1374,1282,1262,1300,1267,1380,1588,1327
Q Learning,22,16,17,27,16,12,16,17,21,24,16,22,20,19,27,20,19,25,20,16,18,26,17,17,19,20,23,19,20,20,20,23,23,24,22,26,22,24,25,29,24,27,28,56,34,28,29,33,38,27,24,25,29,26,34,25,27,30,31,32,27,36,28,26,30,31,31,28,35,29,29,32,34,32,33,31,36,39,39,36,46,35,35,50,38,34,38,33,37,43,38,35,35,40,41,37,40,35,48,42,37,45,47,37,37,44,50,36,41,51,39,42,42,37,61,46,42,37,46,47,37,40,44,43,43,40,52,46,49,43,48,41,49,58,59,52,67,51,47,76,49,48,46,48,46,52,52,53,59,51,45,57,52,53,52,51,52,49,51,53,55,49,61,74,53,56,56,45,56,63,56,55,49,57,54,54,64,55,60,66,53,53,52,50,55,73,53,58,61,56,58,64,54,72,60,67,73,73,65,58,61,53,75,60,63,87,66,57,64,66,65,65,60,62,63,66,66,79,65,61,63,67,62,61,86,60,65,70,77,75,66,72,68,63,66,73,66,65,64,71,92,99,80,72,71,66,66,68,75,72,80,69,66,78,71,70,87,76,94,76,75,71,70,78,67,89,95,80,85,77,68,91,74,80,86,82,79,79,80,80,82,88,82,88,78,85,81,90,81,101,93,87,95,91,78,87,113,81,88,101,84,85,80,104,86,88,84,105,84,90,96,81,78,92,90,92,85,82,110,88,88,90,88,92,92,90,99,87,86,90,90,108,94,84,89,106,117,88,83,93,97,111,92,111,110,93,92,99,108,101,91,104,96,98,107,101,109,95,104,114,99,95,106,104,89,95,93,96,97,118,105,100,97,105,102,103,106,107,110,102,101,109,104,97,105,110,126,112,104,102,98,126,113,117,113,101,123,107,107,123,103,108,104,123,121,104,103,102,108,106,116,107,108,108,115,128,105,113,117,145,112,110,119,115,121,118,129,112,133,139,119,131,115,133,105,114,116,131,123,123,114,109,125,121,112,111,129,142,122,119,109,116,116,131,117,116,122,116,150,119,121,139,126,121,125,122,105,129,137,122,117,114,120,127,117,129,134,126,136,138,126,136,121,135,129,123,120,138,133,122,125,132,124,119,130,125,118,150,106,124,126,131,127,119,132,119,131,156,139,136,146,142,150,123,143,129,149,120,136,131,120,135,157,161,129,145,134,152,133,133,143,134,152,132,147,130,144,126,153,141,145,133,136,153,129,132,154,132,153,141,144,132,159,158,159,134,136,132,141,141,159,164,146,148,151,145,140,139,136,155,140,153,148,170,151,149,139,142,166,157,147,150,146,151,161,157,168,133,151,138,150,145,156,152,167,159,155,153,138,168,139,157,165,153,147,149,161,163,136,148,186,153,148,160,156,156,148,150,172,162,141,144,171,152,140,161,189,153,143,161,158,165,153,154,176,157,142,146,150,161,161,152,173,166,170,157,154,156,147,186,162,185,164,160,164,155,159,207,161,152,150,159,168,166,161,157,161,152,165,165,161,161,174,167,172,173,173,178,160,187,174,172,167,180,165,161,221,175,178,179,190,157,174,188,160,174,170,165,181,156,175,189,151,155,174,167,177,185,185,192,169,180,203,164,174,214,163,172,169,198,175,185,195,210,182,185,185,184,190,183,197,184,188,166,169,196,193,174,176,187,176,187,192,203,175,180,209,186,189,180,175,194,174,187,201,192,190,192,202,176,199,196,189,178,178,171,189,194,196,187,198,179,177,182,199,213,183,188,190,200,219,223,191,205,184,200,188,206,223,180,183,193,184,201,202,187,187,188,193,188,184,234,203,190,199,205,216,250,207,206,190,216,203,211,216,199,185,193,192,202,201,192,213,201,196,212,217,199,216,213,190,212,190,211,192,204,206,220,195,207,206,213,196,245,197,212,213,202,215,231,226,223,205,214,206,228,236,215,211,205,192,250,207,187,234,205,204,208,189,219,216,211,205,219,208,237,209,219,218,223,233,219,228,235,229,208,227,261,211,221,253,208,221,209,220,214,241,211,210,213,248,212,235,220,239,213,225,248,212,209,257,207,240,233,238,219,222,242,240,213,222,199,238,249,215,212,221,209,217,222,213,241,228,213,210,244,224,232,229,211,248,222,222,217,236,225,252,233,224,217,226,235,283,262,228,224,228,249,239,224,230,222,251,225,232,258,236,256,225,246,240,251,242,244,233,231,237,270,245,244,253,224,225,260,240,256,243,242,271,253,272,239,250,269,241,225,241,226,249,236

The data below shows the total reward gained for
the optimal policy given the number of iterations the algorithm was run.
Iterations,1,2,3,4,5,6,7,8,9,10,11,12,13,14,15,16,17,18,19,20,21,22,23,24,25,26,27,28,29,30,31,32,33,34,35,36,37,38,39,40,41,42,43,44,45,46,47,48,49,50,51,52,53,54,55,56,57,58,59,60,61,62,63,64,65,66,67,68,69,70,71,72,73,74,75,76,77,78,79,80,81,82,83,84,85,86,87,88,89,90,91,92,93,94,95,96,97,98,99,100,101,102,103,104,105,106,107,108,109,110,111,112,113,114,115,116,117,118,119,120,121,122,123,124,125,126,127,128,129,130,131,132,133,134,135,136,137,138,139,140,141,142,143,144,145,146,147,148,149,150,151,152,153,154,155,156,157,158,159,160,161,162,163,164,165,166,167,168,169,170,171,172,173,174,175,176,177,178,179,180,181,182,183,184,185,186,187,188,189,190,191,192,193,194,195,196,197,198,199,200,201,202,203,204,205,206,207,208,209,210,211,212,213,214,215,216,217,218,219,220,221,222,223,224,225,226,227,228,229,230,231,232,233,234,235,236,237,238,239,240,241,242,243,244,245,246,247,248,249,250,251,252,253,254,255,256,257,258,259,260,261,262,263,264,265,266,267,268,269,270,271,272,273,274,275,276,277,278,279,280,281,282,283,284,285,286,287,288,289,290,291,292,293,294,295,296,297,298,299,300,301,302,303,304,305,306,307,308,309,310,311,312,313,314,315,316,317,318,319,320,321,322,323,324,325,326,327,328,329,330,331,332,333,334,335,336,337,338,339,340,341,342,343,344,345,346,347,348,349,350,351,352,353,354,355,356,357,358,359,360,361,362,363,364,365,366,367,368,369,370,371,372,373,374,375,376,377,378,379,380,381,382,383,384,385,386,387,388,389,390,391,392,393,394,395,396,397,398,399,400,401,402,403,404,405,406,407,408,409,410,411,412,413,414,415,416,417,418,419,420,421,422,423,424,425,426,427,428,429,430,431,432,433,434,435,436,437,438,439,440,441,442,443,444,445,446,447,448,449,450,451,452,453,454,455,456,457,458,459,460,461,462,463,464,465,466,467,468,469,470,471,472,473,474,475,476,477,478,479,480,481,482,483,484,485,486,487,488,489,490,491,492,493,494,495,496,497,498,499,500,501,502,503,504,505,506,507,508,509,510,511,512,513,514,515,516,517,518,519,520,521,522,523,524,525,526,527,528,529,530,531,532,533,534,535,536,537,538,539,540,541,542,543,544,545,546,547,548,549,550,551,552,553,554,555,556,557,558,559,560,561,562,563,564,565,566,567,568,569,570,571,572,573,574,575,576,577,578,579,580,581,582,583,584,585,586,587,588,589,590,591,592,593,594,595,596,597,598,599,600,601,602,603,604,605,606,607,608,609,610,611,612,613,614,615,616,617,618,619,620,621,622,623,624,625,626,627,628,629,630,631,632,633,634,635,636,637,638,639,640,641,642,643,644,645,646,647,648,649,650,651,652,653,654,655,656,657,658,659,660,661,662,663,664,665,666,667,668,669,670,671,672,673,674,675,676,677,678,679,680,681,682,683,684,685,686,687,688,689,690,691,692,693,694,695,696,697,698,699,700,701,702,703,704,705,706,707,708,709,710,711,712,713,714,715,716,717,718,719,720,721,722,723,724,725,726,727,728,729,730,731,732,733,734,735,736,737,738,739,740,741,742,743,744,745,746,747,748,749,750,751,752,753,754,755,756,757,758,759,760,761,762,763,764,765,766,767,768,769,770,771,772,773,774,775,776,777,778,779,780,781,782,783,784,785,786,787,788,789,790,791,792,793,794,795,796,797,798,799,800,801,802,803,804,805,806,807,808,809,810,811,812,813,814,815,816,817,818,819,820,821,822,823,824,825,826,827,828,829,830,831,832,833,834,835,836,837,838,839,840,841,842,843,844,845,846,847,848,849,850,851,852,853,854,855,856,857,858,859,860,861,862,863,864,865,866,867,868,869,870,871,872,873,874,875,876,877,878,879,880,881,882,883,884,885,886,887,888,889,890,891,892,893,894,895,896,897,898,899,900,901,902,903,904,905,906,907,908,909,910,911,912,913,914,915,916,917,918,919,920,921,922,923,924,925,926,927,928,929,930,931,932,933,934,935,936,937,938,939,940,941,942,943,944,945,946,947,948,949,950,951,952,953,954,955,956,957,958,959,960,961,962,963,964,965,966,967,968,969,970,971,972,973,974,975,976,977,978,979,980,981,982,983,984,985,986,987,988,989,990,991,992,993,994,995,996,997,998,999,1000
Value Iteration Rewards,-365896.0,-5869.0,-110284.0,-30636.0,-12793.0,-5285.0,-1430.0,-4773.0,-8576.0,-117.0,41.0,65.0,63.0,67.0,65.0,61.0,61.0,66.0,59.0,62.0,60.0,51.0,64.0,63.0,65.0,66.0,55.0,56.0,61.0,66.0,55.0,61.0,67.0,61.0,61.0,54.0,62.0,56.0,61.0,71.0,66.0,67.0,69.0,47.0,65.0,65.0,65.0,68.0,69.0,69.0,62.0,55.0,57.0,56.0,56.0,57.0,54.0,59.0,65.0,68.0,54.0,64.0,65.0,62.0,63.0,53.0,65.0,45.0,65.0,63.0,51.0,63.0,69.0,69.0,60.0,62.0,61.0,67.0,68.0,62.0,60.0,66.0,59.0,58.0,66.0,64.0,63.0,61.0,61.0,58.0,61.0,65.0,63.0,59.0,59.0,62.0,66.0,61.0,67.0,68.0,54.0,61.0,63.0,63.0,48.0,66.0,61.0,64.0,66.0,57.0,72.0,62.0,54.0,63.0,64.0,66.0,59.0,70.0,62.0,69.0,61.0,62.0,57.0,70.0,69.0,68.0,59.0,55.0,62.0,59.0,62.0,66.0,67.0,63.0,61.0,59.0,63.0,53.0,67.0,64.0,63.0,67.0,64.0,64.0,58.0,54.0,62.0,65.0,62.0,68.0,64.0,55.0,68.0,63.0,56.0,62.0,68.0,69.0,67.0,65.0,59.0,66.0,66.0,52.0,63.0,59.0,65.0,50.0,47.0,58.0,65.0,45.0,59.0,61.0,69.0,62.0,62.0,65.0,59.0,70.0,56.0,63.0,59.0,69.0,58.0,63.0,59.0,54.0,58.0,68.0,67.0,60.0,70.0,65.0,56.0,67.0,62.0,63.0,60.0,66.0,66.0,68.0,55.0,68.0,71.0,65.0,61.0,61.0,59.0,63.0,57.0,66.0,49.0,62.0,63.0,60.0,63.0,59.0,65.0,61.0,67.0,60.0,62.0,66.0,62.0,46.0,65.0,66.0,66.0,54.0,55.0,62.0,63.0,56.0,73.0,55.0,66.0,66.0,66.0,52.0,65.0,63.0,66.0,64.0,69.0,56.0,61.0,64.0,64.0,69.0,62.0,55.0,67.0,67.0,62.0,59.0,61.0,54.0,57.0,65.0,59.0,63.0,58.0,64.0,66.0,70.0,71.0,64.0,61.0,65.0,60.0,62.0,57.0,55.0,59.0,65.0,64.0,58.0,66.0,63.0,62.0,55.0,67.0,66.0,60.0,65.0,62.0,60.0,59.0,53.0,58.0,69.0,62.0,64.0,63.0,64.0,61.0,69.0,64.0,65.0,69.0,60.0,58.0,55.0,62.0,69.0,54.0,57.0,64.0,65.0,56.0,60.0,57.0,64.0,60.0,64.0,61.0,71.0,55.0,66.0,64.0,67.0,57.0,59.0,65.0,59.0,67.0,66.0,62.0,58.0,65.0,59.0,62.0,61.0,59.0,61.0,63.0,66.0,64.0,70.0,56.0,54.0,57.0,56.0,57.0,63.0,63.0,60.0,58.0,65.0,67.0,63.0,66.0,69.0,66.0,66.0,55.0,69.0,72.0,68.0,58.0,68.0,59.0,66.0,63.0,60.0,69.0,66.0,62.0,59.0,71.0,63.0,63.0,53.0,54.0,62.0,72.0,59.0,60.0,64.0,65.0,50.0,63.0,67.0,59.0,65.0,60.0,64.0,66.0,65.0,48.0,63.0,58.0,72.0,52.0,55.0,61.0,63.0,68.0,66.0,61.0,70.0,68.0,65.0,68.0,69.0,65.0,55.0,65.0,54.0,65.0,58.0,68.0,63.0,58.0,66.0,55.0,60.0,65.0,61.0,58.0,60.0,67.0,63.0,62.0,65.0,60.0,54.0,63.0,68.0,62.0,59.0,66.0,64.0,63.0,68.0,55.0,70.0,60.0,62.0,61.0,68.0,50.0,71.0,62.0,61.0,54.0,68.0,66.0,62.0,64.0,69.0,55.0,68.0,60.0,50.0,67.0,66.0,50.0,68.0,61.0,70.0,55.0,63.0,61.0,67.0,57.0,55.0,67.0,66.0,64.0,64.0,62.0,63.0,56.0,59.0,70.0,66.0,63.0,63.0,56.0,65.0,49.0,66.0,67.0,64.0,61.0,59.0,65.0,67.0,55.0,64.0,61.0,59.0,63.0,54.0,64.0,61.0,61.0,62.0,66.0,57.0,61.0,60.0,65.0,59.0,56.0,63.0,60.0,65.0,70.0,60.0,62.0,70.0,67.0,57.0,54.0,61.0,48.0,62.0,63.0,54.0,66.0,68.0,60.0,56.0,67.0,64.0,72.0,59.0,72.0,64.0,54.0,66.0,65.0,46.0,62.0,68.0,65.0,63.0,64.0,69.0,63.0,67.0,65.0,64.0,62.0,64.0,63.0,61.0,59.0,68.0,51.0,53.0,62.0,61.0,64.0,56.0,67.0,59.0,65.0,60.0,53.0,68.0,69.0,66.0,61.0,65.0,46.0,64.0,62.0,57.0,61.0,58.0,66.0,65.0,68.0,59.0,59.0,67.0,50.0,67.0,58.0,71.0,64.0,63.0,63.0,61.0,65.0,65.0,70.0,66.0,70.0,57.0,67.0,68.0,59.0,55.0,62.0,66.0,66.0,65.0,64.0,70.0,64.0,68.0,62.0,58.0,66.0,67.0,63.0,65.0,60.0,62.0,69.0,58.0,69.0,61.0,71.0,57.0,61.0,63.0,61.0,61.0,60.0,49.0,63.0,52.0,68.0,70.0,50.0,64.0,65.0,52.0,64.0,72.0,65.0,66.0,59.0,62.0,60.0,65.0,50.0,70.0,62.0,59.0,65.0,52.0,57.0,54.0,67.0,67.0,68.0,68.0,57.0,58.0,67.0,62.0,69.0,64.0,69.0,62.0,67.0,62.0,64.0,62.0,60.0,65.0,67.0,53.0,61.0,57.0,62.0,67.0,59.0,60.0,66.0,58.0,50.0,63.0,58.0,68.0,68.0,62.0,67.0,65.0,67.0,59.0,66.0,63.0,61.0,58.0,63.0,61.0,62.0,69.0,64.0,47.0,70.0,56.0,62.0,64.0,60.0,70.0,59.0,64.0,65.0,63.0,60.0,59.0,55.0,52.0,60.0,64.0,60.0,66.0,59.0,58.0,65.0,63.0,65.0,64.0,70.0,62.0,63.0,62.0,66.0,65.0,68.0,60.0,66.0,70.0,64.0,53.0,66.0,45.0,68.0,66.0,70.0,66.0,63.0,65.0,64.0,64.0,69.0,71.0,65.0,60.0,63.0,68.0,60.0,69.0,60.0,61.0,50.0,70.0,64.0,66.0,67.0,51.0,64.0,63.0,59.0,64.0,64.0,58.0,65.0,59.0,59.0,71.0,63.0,60.0,60.0,65.0,54.0,55.0,63.0,64.0,56.0,60.0,64.0,67.0,67.0,63.0,60.0,62.0,62.0,67.0,65.0,59.0,60.0,60.0,69.0,69.0,65.0,64.0,59.0,63.0,66.0,66.0,58.0,66.0,65.0,66.0,57.0,62.0,65.0,66.0,66.0,70.0,63.0,67.0,65.0,64.0,65.0,65.0,53.0,64.0,67.0,63.0,64.0,63.0,61.0,63.0,61.0,57.0,64.0,66.0,70.0,62.0,57.0,67.0,64.0,52.0,56.0,57.0,63.0,62.0,68.0,59.0,56.0,64.0,70.0,65.0,64.0,65.0,68.0,60.0,64.0,52.0,63.0,60.0,62.0,62.0,60.0,53.0,71.0,62.0,58.0,71.0,61.0,67.0,70.0,59.0,65.0,57.0,58.0,56.0,59.0,59.0,69.0,62.0,64.0,70.0,67.0,56.0,61.0,64.0,64.0,69.0,58.0,63.0,68.0,57.0,67.0,58.0,59.0,68.0,59.0,63.0,70.0,66.0,59.0,65.0,60.0,62.0,68.0,65.0,64.0,59.0,70.0,62.0,52.0,62.0,63.0,59.0,59.0,60.0,66.0,64.0,56.0,69.0,70.0,68.0,53.0,67.0,59.0,62.0,59.0,62.0,57.0,52.0,52.0,68.0,63.0,70.0,56.0,64.0,56.0,61.0,59.0,64.0,62.0,70.0,71.0,66.0,57.0,46.0,64.0,58.0,62.0,63.0,61.0,65.0,66.0,69.0,67.0,59.0,64.0,67.0,58.0,57.0,62.0,61.0,58.0,51.0,57.0,67.0,54.0,53.0,55.0,64.0,64.0,56.0,60.0,55.0,66.0,67.0,70.0,68.0,61.0,65.0,64.0,68.0,69.0,64.0,52.0,64.0,63.0,63.0,59.0,54.0,53.0,63.0,56.0,62.0,60.0,60.0,65.0,70.0,61.0,67.0,62.0,63.0,61.0,67.0,66.0,65.0,68.0,52.0
Policy Iteration Rewards,-89438.0,-17083.0,-3624989.0,-592326.0,-38269.0,-124091.0,-11672.0,-7509.0,-5980.0,-4017.0,-10451.0,-2840.0,-512.0,66.0,58.0,54.0,63.0,59.0,67.0,70.0,55.0,64.0,64.0,61.0,63.0,67.0,57.0,65.0,62.0,70.0,53.0,68.0,59.0,64.0,69.0,55.0,55.0,66.0,70.0,61.0,68.0,61.0,71.0,64.0,71.0,57.0,65.0,62.0,70.0,62.0,61.0,66.0,54.0,68.0,64.0,62.0,62.0,65.0,61.0,56.0,62.0,66.0,70.0,63.0,60.0,56.0,66.0,68.0,63.0,62.0,63.0,58.0,66.0,57.0,68.0,63.0,61.0,55.0,61.0,63.0,61.0,62.0,64.0,65.0,62.0,59.0,62.0,62.0,60.0,65.0,64.0,56.0,61.0,64.0,72.0,67.0,58.0,48.0,61.0,69.0,70.0,59.0,57.0,67.0,69.0,60.0,63.0,55.0,61.0,65.0,70.0,61.0,64.0,65.0,63.0,65.0,64.0,53.0,60.0,68.0,68.0,54.0,56.0,63.0,64.0,69.0,66.0,69.0,54.0,64.0,69.0,70.0,54.0,61.0,60.0,66.0,68.0,62.0,46.0,66.0,69.0,55.0,69.0,69.0,61.0,65.0,56.0,70.0,58.0,56.0,65.0,70.0,56.0,67.0,69.0,51.0,57.0,65.0,58.0,66.0,60.0,67.0,52.0,64.0,63.0,65.0,60.0,57.0,68.0,57.0,64.0,70.0,73.0,69.0,63.0,64.0,71.0,52.0,55.0,64.0,61.0,67.0,51.0,67.0,71.0,64.0,59.0,65.0,64.0,71.0,59.0,60.0,69.0,54.0,68.0,68.0,64.0,72.0,65.0,66.0,56.0,67.0,64.0,73.0,55.0,63.0,67.0,71.0,60.0,66.0,57.0,67.0,64.0,67.0,66.0,65.0,61.0,68.0,55.0,54.0,60.0,60.0,54.0,58.0,53.0,70.0,60.0,58.0,73.0,68.0,63.0,63.0,73.0,69.0,62.0,54.0,68.0,67.0,61.0,63.0,68.0,69.0,67.0,62.0,67.0,59.0,63.0,56.0,64.0,53.0,63.0,71.0,62.0,58.0,65.0,66.0,63.0,55.0,67.0,61.0,68.0,62.0,50.0,63.0,53.0,65.0,55.0,61.0,62.0,62.0,61.0,67.0,69.0,60.0,64.0,67.0,58.0,59.0,61.0,67.0,68.0,61.0,58.0,63.0,65.0,66.0,53.0,65.0,51.0,56.0,63.0,71.0,70.0,65.0,67.0,69.0,49.0,62.0,67.0,56.0,71.0,64.0,63.0,59.0,64.0,66.0,63.0,57.0,61.0,66.0,64.0,62.0,64.0,60.0,62.0,62.0,66.0,67.0,67.0,55.0,61.0,63.0,64.0,64.0,67.0,64.0,64.0,58.0,48.0,68.0,59.0,64.0,66.0,57.0,68.0,61.0,56.0,61.0,69.0,71.0,64.0,61.0,65.0,69.0,63.0,61.0,62.0,68.0,54.0,69.0,62.0,62.0,63.0,66.0,57.0,67.0,68.0,59.0,67.0,59.0,69.0,66.0,60.0,52.0,67.0,64.0,67.0,61.0,65.0,64.0,60.0,61.0,61.0,64.0,58.0,70.0,59.0,66.0,54.0,66.0,62.0,68.0,66.0,61.0,65.0,54.0,48.0,67.0,58.0,65.0,63.0,57.0,65.0,71.0,64.0,62.0,59.0,53.0,70.0,65.0,67.0,63.0,66.0,60.0,69.0,58.0,65.0,69.0,70.0,68.0,51.0,58.0,64.0,59.0,64.0,62.0,53.0,53.0,66.0,62.0,66.0,71.0,63.0,60.0,57.0,72.0,65.0,65.0,55.0,68.0,60.0,63.0,61.0,62.0,57.0,69.0,55.0,70.0,65.0,69.0,65.0,62.0,55.0,66.0,61.0,57.0,66.0,61.0,67.0,51.0,69.0,56.0,67.0,64.0,57.0,66.0,61.0,66.0,69.0,68.0,64.0,59.0,53.0,62.0,64.0,68.0,64.0,60.0,67.0,61.0,66.0,67.0,65.0,65.0,62.0,63.0,63.0,69.0,62.0,72.0,67.0,66.0,68.0,60.0,62.0,60.0,63.0,57.0,63.0,64.0,69.0,60.0,54.0,49.0,58.0,65.0,59.0,68.0,56.0,65.0,65.0,64.0,50.0,64.0,62.0,63.0,62.0,64.0,69.0,62.0,57.0,63.0,70.0,62.0,61.0,61.0,69.0,59.0,60.0,63.0,62.0,62.0,65.0,64.0,69.0,69.0,64.0,59.0,65.0,68.0,64.0,66.0,64.0,65.0,65.0,64.0,64.0,71.0,64.0,51.0,64.0,57.0,55.0,62.0,65.0,61.0,62.0,59.0,67.0,67.0,70.0,61.0,69.0,67.0,69.0,67.0,60.0,68.0,68.0,64.0,61.0,67.0,70.0,59.0,68.0,63.0,61.0,62.0,72.0,70.0,64.0,62.0,55.0,60.0,65.0,60.0,60.0,62.0,71.0,57.0,66.0,58.0,67.0,64.0,62.0,55.0,67.0,68.0,62.0,62.0,61.0,66.0,63.0,62.0,67.0,54.0,57.0,65.0,66.0,64.0,56.0,64.0,65.0,68.0,55.0,64.0,69.0,69.0,61.0,55.0,60.0,60.0,61.0,69.0,61.0,61.0,61.0,63.0,65.0,58.0,59.0,67.0,68.0,64.0,64.0,66.0,66.0,62.0,52.0,59.0,66.0,65.0,68.0,62.0,68.0,64.0,69.0,64.0,70.0,67.0,70.0,69.0,60.0,60.0,57.0,62.0,63.0,66.0,63.0,58.0,56.0,65.0,63.0,69.0,64.0,68.0,64.0,66.0,61.0,63.0,64.0,61.0,68.0,64.0,61.0,60.0,67.0,68.0,59.0,56.0,61.0,67.0,57.0,58.0,57.0,58.0,54.0,58.0,64.0,59.0,66.0,69.0,64.0,67.0,63.0,64.0,60.0,62.0,63.0,59.0,62.0,61.0,61.0,63.0,61.0,64.0,62.0,61.0,61.0,50.0,58.0,57.0,68.0,61.0,63.0,67.0,66.0,60.0,59.0,61.0,68.0,66.0,66.0,64.0,63.0,69.0,58.0,65.0,65.0,65.0,53.0,64.0,66.0,68.0,62.0,62.0,56.0,62.0,67.0,66.0,61.0,62.0,53.0,69.0,53.0,66.0,63.0,64.0,54.0,59.0,62.0,63.0,60.0,62.0,52.0,59.0,63.0,60.0,70.0,52.0,50.0,66.0,66.0,65.0,67.0,48.0,69.0,57.0,49.0,62.0,61.0,62.0,61.0,69.0,64.0,64.0,66.0,65.0,66.0,65.0,64.0,69.0,60.0,59.0,63.0,63.0,58.0,60.0,54.0,65.0,56.0,64.0,71.0,67.0,60.0,58.0,57.0,55.0,68.0,66.0,63.0,58.0,60.0,60.0,63.0,67.0,64.0,57.0,61.0,56.0,66.0,60.0,63.0,61.0,65.0,56.0,56.0,63.0,68.0,64.0,58.0,64.0,72.0,60.0,60.0,66.0,63.0,53.0,58.0,55.0,47.0,66.0,51.0,63.0,49.0,58.0,67.0,64.0,55.0,63.0,60.0,66.0,50.0,68.0,58.0,61.0,61.0,64.0,63.0,57.0,59.0,66.0,59.0,62.0,64.0,66.0,67.0,64.0,60.0,66.0,66.0,66.0,60.0,68.0,63.0,65.0,60.0,67.0,56.0,53.0,62.0,62.0,61.0,66.0,58.0,61.0,63.0,68.0,63.0,67.0,60.0,67.0,62.0,68.0,50.0,69.0,51.0,62.0,68.0,68.0,50.0,66.0,46.0,55.0,67.0,66.0,62.0,60.0,58.0,60.0,57.0,68.0,66.0,66.0,71.0,66.0,59.0,67.0,70.0,65.0,67.0,60.0,65.0,66.0,61.0,62.0,66.0,42.0,65.0,63.0,59.0,59.0,66.0,63.0,65.0,61.0,49.0,58.0,61.0,66.0,66.0,69.0,66.0,69.0,63.0,64.0,63.0,69.0,59.0,60.0,64.0,54.0,58.0,65.0,60.0,60.0,66.0,56.0,72.0,68.0,58.0,62.0,66.0,70.0,65.0,70.0,66.0,54.0,61.0,55.0,69.0,60.0,66.0,67.0,65.0,67.0,58.0,54.0,54.0,57.0,66.0,70.0,56.0,65.0,61.0,69.0,51.0,58.0,67.0,64.0,66.0,56.0,56.0,61.0,59.0,67.0,63.0,64.0,63.0,70.0,56.0,64.0,61.0,67.0,61.0,62.0,59.0,71.0,65.0,57.0,60.0,58.0,64.0,65.0,63.0,61.0,62.0,67.0,69.0,68.0
Q Learning Rewards,-570.0,-823.0,-1547.0,-273.0,-663.0,-108.0,-130.0,-208.0,-260.0,-172.0,-49.0,-213.0,-139.0,-87.0,41.0,-6.0,2.0,-63.0,-69.0,-29.0,-5.0,-34.0,-107.0,-24.0,-7.0,-8.0,12.0,43.0,-2.0,25.0,15.0,14.0,6.0,-13.0,42.0,45.0,12.0,15.0,-35.0,24.0,21.0,-28.0,56.0,-207.0,28.0,-1.0,48.0,12.0,32.0,26.0,47.0,-162.0,31.0,55.0,-75.0,58.0,37.0,-46.0,23.0,34.0,-125.0,60.0,-178.0,51.0,49.0,60.0,23.0,61.0,-32.0,-61.0,31.0,-52.0,24.0,27.0,-67.0,34.0,-83.0,47.0,38.0,9.0,-4.0,-24.0,56.0,36.0,52.0,26.0,-113.0,10.0,29.0,4.0,28.0,12.0,30.0,-24.0,9.0,37.0,46.0,52.0,14.0,55.0,36.0,24.0,57.0,43.0,19.0,31.0,8.0,-254.0,18.0,9.0,44.0,53.0,-25.0,49.0,49.0,48.0,40.0,62.0,45.0,-113.0,2.0,53.0,43.0,-1.0,31.0,11.0,-31.0,41.0,-37.0,-56.0,24.0,40.0,-148.0,44.0,41.0,5.0,-75.0,-7.0,7.0,33.0,51.0,39.0,49.0,56.0,21.0,60.0,31.0,53.0,-150.0,39.0,-19.0,54.0,6.0,46.0,52.0,45.0,-45.0,-28.0,46.0,40.0,50.0,5.0,-23.0,58.0,22.0,35.0,33.0,26.0,21.0,27.0,30.0,23.0,30.0,57.0,53.0,4.0,40.0,60.0,20.0,25.0,51.0,47.0,45.0,18.0,62.0,-19.0,50.0,46.0,52.0,3.0,51.0,34.0,15.0,-46.0,63.0,37.0,-33.0,8.0,61.0,40.0,54.0,49.0,57.0,43.0,43.0,53.0,-3.0,42.0,-9.0,49.0,57.0,39.0,7.0,30.0,-129.0,36.0,46.0,40.0,-42.0,-15.0,6.0,-31.0,38.0,33.0,46.0,9.0,-4.0,35.0,43.0,49.0,17.0,50.0,47.0,36.0,40.0,41.0,22.0,30.0,48.0,15.0,-49.0,-39.0,19.0,41.0,10.0,26.0,33.0,16.0,50.0,27.0,30.0,-7.0,44.0,40.0,-6.0,57.0,50.0,-105.0,56.0,0.0,11.0,57.0,24.0,37.0,27.0,39.0,-14.0,51.0,26.0,60.0,35.0,55.0,10.0,44.0,36.0,13.0,42.0,6.0,50.0,49.0,11.0,25.0,51.0,34.0,44.0,46.0,0.0,34.0,36.0,50.0,49.0,45.0,-17.0,-6.0,47.0,-2.0,46.0,50.0,44.0,21.0,-42.0,46.0,47.0,23.0,58.0,45.0,51.0,59.0,39.0,-87.0,62.0,30.0,12.0,-10.0,42.0,-3.0,52.0,51.0,8.0,-30.0,-69.0,-5.0,44.0,59.0,21.0,-20.0,-2.0,30.0,0.0,53.0,-54.0,9.0,-678.0,25.0,55.0,22.0,54.0,12.0,11.0,15.0,23.0,13.0,1.0,52.0,15.0,-67.0,60.0,7.0,-26.0,39.0,30.0,52.0,36.0,48.0,55.0,41.0,14.0,29.0,62.0,52.0,27.0,-103.0,34.0,61.0,50.0,42.0,34.0,34.0,50.0,16.0,51.0,2.0,30.0,-26.0,62.0,12.0,17.0,48.0,7.0,46.0,29.0,10.0,-9.0,57.0,23.0,43.0,39.0,-5.0,62.0,-63.0,-26.0,9.0,46.0,20.0,48.0,-2.0,5.0,48.0,34.0,22.0,56.0,60.0,41.0,50.0,29.0,22.0,-1.0,-12.0,-27.0,-15.0,15.0,36.0,34.0,21.0,49.0,49.0,59.0,14.0,52.0,33.0,38.0,10.0,41.0,48.0,-152.0,33.0,49.0,29.0,34.0,57.0,43.0,60.0,-22.0,47.0,9.0,32.0,-7.0,53.0,60.0,42.0,54.0,14.0,58.0,42.0,-8.0,30.0,-19.0,52.0,56.0,51.0,30.0,45.0,50.0,54.0,56.0,50.0,51.0,8.0,-16.0,-65.0,57.0,42.0,36.0,-6.0,-25.0,26.0,27.0,70.0,46.0,6.0,40.0,-69.0,51.0,-16.0,1.0,32.0,8.0,26.0,55.0,40.0,44.0,53.0,-4.0,63.0,41.0,-33.0,41.0,2.0,56.0,51.0,35.0,-5.0,-29.0,49.0,61.0,24.0,54.0,11.0,25.0,44.0,23.0,-32.0,52.0,58.0,-60.0,40.0,59.0,27.0,53.0,-8.0,-38.0,16.0,24.0,55.0,46.0,-63.0,45.0,28.0,-47.0,-1.0,39.0,57.0,35.0,4.0,19.0,25.0,-30.0,16.0,58.0,50.0,-12.0,59.0,45.0,44.0,55.0,17.0,44.0,21.0,-29.0,58.0,0.0,63.0,42.0,23.0,19.0,-8.0,44.0,61.0,39.0,59.0,-8.0,19.0,24.0,63.0,50.0,47.0,-67.0,-102.0,48.0,32.0,23.0,44.0,-26.0,11.0,57.0,12.0,39.0,53.0,62.0,2.0,10.0,28.0,52.0,-52.0,47.0,1.0,52.0,46.0,36.0,36.0,8.0,-12.0,29.0,48.0,40.0,51.0,40.0,46.0,20.0,37.0,6.0,12.0,-6.0,36.0,23.0,45.0,46.0,32.0,3.0,23.0,40.0,-10.0,1.0,-69.0,34.0,41.0,46.0,-7.0,35.0,49.0,-17.0,7.0,15.0,28.0,38.0,-19.0,34.0,49.0,53.0,23.0,53.0,-58.0,62.0,44.0,-13.0,47.0,1.0,-45.0,52.0,48.0,-14.0,27.0,56.0,55.0,46.0,45.0,46.0,-22.0,69.0,27.0,-49.0,45.0,28.0,48.0,18.0,18.0,43.0,43.0,46.0,1.0,-45.0,54.0,47.0,28.0,45.0,20.0,21.0,-28.0,-77.0,39.0,55.0,29.0,56.0,-56.0,28.0,-15.0,22.0,34.0,49.0,62.0,36.0,50.0,63.0,30.0,2.0,11.0,15.0,29.0,45.0,40.0,22.0,43.0,50.0,54.0,11.0,6.0,27.0,50.0,2.0,52.0,45.0,46.0,61.0,36.0,11.0,-22.0,25.0,35.0,49.0,25.0,46.0,19.0,-10.0,-23.0,-75.0,24.0,38.0,47.0,27.0,47.0,-95.0,34.0,-78.0,25.0,0.0,-26.0,8.0,53.0,22.0,29.0,-428.0,46.0,-75.0,-11.0,-32.0,34.0,40.0,-20.0,38.0,44.0,4.0,-93.0,54.0,23.0,64.0,26.0,8.0,38.0,15.0,55.0,14.0,-14.0,54.0,28.0,56.0,25.0,-125.0,51.0,27.0,56.0,50.0,50.0,42.0,63.0,28.0,58.0,18.0,26.0,2.0,64.0,50.0,56.0,18.0,36.0,62.0,32.0,42.0,58.0,57.0,55.0,19.0,17.0,26.0,59.0,50.0,42.0,36.0,-28.0,31.0,46.0,-8.0,61.0,60.0,53.0,-12.0,-41.0,52.0,-67.0,6.0,44.0,37.0,9.0,8.0,-51.0,54.0,-331.0,-6.0,32.0,56.0,-27.0,-57.0,54.0,22.0,-5.0,25.0,28.0,42.0,40.0,29.0,53.0,33.0,48.0,46.0,-64.0,21.0,44.0,-47.0,54.0,30.0,20.0,33.0,60.0,60.0,41.0,32.0,39.0,41.0,65.0,41.0,26.0,-190.0,29.0,44.0,10.0,28.0,42.0,13.0,54.0,-8.0,55.0,-16.0,26.0,15.0,9.0,-52.0,33.0,48.0,40.0,21.0,45.0,14.0,8.0,35.0,31.0,64.0,49.0,33.0,16.0,55.0,43.0,46.0,-106.0,2.0,31.0,2.0,52.0,60.0,26.0,35.0,54.0,50.0,-67.0,38.0,60.0,21.0,1.0,44.0,48.0,46.0,60.0,52.0,45.0,37.0,-22.0,39.0,39.0,44.0,25.0,27.0,43.0,49.0,5.0,15.0,18.0,-13.0,39.0,20.0,14.0,51.0,38.0,1.0,20.0,40.0,49.0,64.0,-11.0,33.0,2.0,12.0,-21.0,7.0,42.0,44.0,41.0,34.0,-1.0,-22.0,5.0,65.0,-2.0,-17.0,-9.0,30.0,49.0,-93.0,2.0,54.0,46.0,23.0,44.0,50.0,31.0,-13.0,-10.0,57.0,55.0,38.0,3.0,43.0,43.0,42.0,46.0,54.0,18.0,-68.0,45.0,36.0,8.0,29.0,30.0,50.0,-70.0,26.0,44.0,17.0,17.0,-51.0,-81.0,-67.0,62.0,52.0,54.0,54.0,1.0,38.0,-3.0,46.0,56.0,28.0,40.0,53.0,-21.0,44.0,12.0,8.0,16.0,28.0,45.0,37.0,48.0,43.0,17.0,22.0,-29.0,30.0,51.0,44.0,58.0,51.0,-28.0,-160.0,14.0,42.0,63.0,-35.0,43.0,32.0,25.0,45.0,37.0

Process finished with exit code 0