"C:\Program Files\Java\jdk1.8.0_181\bin\java.exe" -javaagent:C:\Users\mcgarrah\AppData\Local\JetBrains\Toolbox\apps\IDEA-U\ch-0\183.4284.148\lib\idea_rt.jar=57145:C:\Users\mcgarrah\AppData\Local\JetBrains\Toolbox\apps\IDEA-U\ch-0\183.4284.148\bin -Dfile.encoding=UTF-8 -classpath "C:\Program Files\Java\jdk1.8.0_181\jre\lib\charsets.jar;C:\Program Files\Java\jdk1.8.0_181\jre\lib\deploy.jar;C:\Program Files\Java\jdk1.8.0_181\jre\lib\ext\access-bridge-64.jar;C:\Program Files\Java\jdk1.8.0_181\jre\lib\ext\cldrdata.jar;C:\Program Files\Java\jdk1.8.0_181\jre\lib\ext\dnsns.jar;C:\Program Files\Java\jdk1.8.0_181\jre\lib\ext\jaccess.jar;C:\Program Files\Java\jdk1.8.0_181\jre\lib\ext\jfxrt.jar;C:\Program Files\Java\jdk1.8.0_181\jre\lib\ext\localedata.jar;C:\Program Files\Java\jdk1.8.0_181\jre\lib\ext\nashorn.jar;C:\Program Files\Java\jdk1.8.0_181\jre\lib\ext\sunec.jar;C:\Program Files\Java\jdk1.8.0_181\jre\lib\ext\sunjce_provider.jar;C:\Program Files\Java\jdk1.8.0_181\jre\lib\ext\sunmscapi.jar;C:\Program Files\Java\jdk1.8.0_181\jre\lib\ext\sunpkcs11.jar;C:\Program Files\Java\jdk1.8.0_181\jre\lib\ext\zipfs.jar;C:\Program Files\Java\jdk1.8.0_181\jre\lib\javaws.jar;C:\Program Files\Java\jdk1.8.0_181\jre\lib\jce.jar;C:\Program Files\Java\jdk1.8.0_181\jre\lib\jfr.jar;C:\Program Files\Java\jdk1.8.0_181\jre\lib\jfxswt.jar;C:\Program Files\Java\jdk1.8.0_181\jre\lib\jsse.jar;C:\Program Files\Java\jdk1.8.0_181\jre\lib\management-agent.jar;C:\Program Files\Java\jdk1.8.0_181\jre\lib\plugin.jar;C:\Program Files\Java\jdk1.8.0_181\jre\lib\resources.jar;C:\Program Files\Java\jdk1.8.0_181\jre\lib\rt.jar;C:\Users\mcgarrah\IdeaProjects\assignment4-minmingzhao\target\classes;C:\Users\mcgarrah\IdeaProjects\assignment4-minmingzhao\lib\weka.jar;C:\Users\mcgarrah\IdeaProjects\assignment4-minmingzhao\lib\trove.jar;C:\Users\mcgarrah\IdeaProjects\assignment4-minmingzhao\lib\servlet.jar;C:\Users\mcgarrah\IdeaProjects\assignment4-minmingzhao\lib\weka-src.jar;C:\Users\mcgarrah\IdeaProjects\assignment4-minmingzhao\lib\ejml-0.25.jar;C:\Users\mcgarrah\IdeaProjects\assignment4-minmingzhao\lib\SCPSolver.jar;C:\Users\mcgarrah\IdeaProjects\assignment4-minmingzhao\lib\colt-1.2.0.jar;C:\Users\mcgarrah\IdeaProjects\assignment4-minmingzhao\lib\guava-18.0.jar;C:\Users\mcgarrah\IdeaProjects\assignment4-minmingzhao\lib\junit-4.11.jar;C:\Users\mcgarrah\IdeaProjects\assignment4-minmingzhao\lib\log4j-1.2.14.jar;C:\Users\mcgarrah\IdeaProjects\assignment4-minmingzhao\lib\csparsej-1.1.1.jar;C:\Users\mcgarrah\IdeaProjects\assignment4-minmingzhao\lib\jcommon-1.0.21.jar;C:\Users\mcgarrah\IdeaProjects\assignment4-minmingzhao\lib\snakeyaml-1.13.jar;C:\Users\mcgarrah\IdeaProjects\assignment4-minmingzhao\lib\JavaRLGlueCodec.jar;C:\Users\mcgarrah\IdeaProjects\assignment4-minmingzhao\lib\xml-apis-1.0.b2.jar;C:\Users\mcgarrah\IdeaProjects\assignment4-minmingzhao\lib\joptimizer-3.2.0.jar;C:\Users\mcgarrah\IdeaProjects\assignment4-minmingzhao\lib\joptimizer-3.3.0.jar;C:\Users\mcgarrah\IdeaProjects\assignment4-minmingzhao\lib\commons-lang3-3.1.jar;C:\Users\mcgarrah\IdeaProjects\assignment4-minmingzhao\lib\commons-math3-3.2.jar;C:\Users\mcgarrah\IdeaProjects\assignment4-minmingzhao\lib\hamcrest-core-1.3.jar;C:\Users\mcgarrah\IdeaProjects\assignment4-minmingzhao\lib\jfreechart-1.0.17.jar;C:\Users\mcgarrah\IdeaProjects\assignment4-minmingzhao\lib\LPSOLVESolverPack.jar;C:\Users\mcgarrah\IdeaProjects\assignment4-minmingzhao\lib\jackson-core-2.2.3.jar;C:\Users\mcgarrah\IdeaProjects\assignment4-minmingzhao\lib\commons-beanutils-1.6.jar;C:\Users\mcgarrah\IdeaProjects\assignment4-minmingzhao\lib\commons-logging-1.1.1.jar;C:\Users\mcgarrah\IdeaProjects\assignment4-minmingzhao\lib\jackson-databind-2.2.3.jar;C:\Users\mcgarrah\IdeaProjects\assignment4-minmingzhao\lib\commons-collections-2.1.jar;C:\Users\mcgarrah\IdeaProjects\assignment4-minmingzhao\lib\jackson-annotations-2.2.3.jar" burlap.assignment4.HardGridWorldLauncher_JMM
/////Hard Grid World Analysis/////

This is your grid world:
[0,0,0,0,0,1,0,0,0,0,0]
[0,1,1,1,0,1,0,1,1,1,0]
[0,1,0,1,0,0,0,1,0,1,0]
[0,1,0,1,0,0,0,1,0,1,0]
[0,0,0,0,1,1,1,0,0,0,0]
[1,1,0,0,1,0,1,0,0,1,1]
[0,0,0,0,1,0,1,0,0,0,0]
[0,1,1,1,0,0,0,1,1,1,0]
[0,1,0,1,0,0,0,1,0,1,0]
[0,1,0,1,0,1,0,1,0,1,0]
[0,0,0,0,0,1,0,0,0,0,0]



//Value Iteration Analysis//
Passes: 1
Passes: 2
Passes: 3
Passes: 4
...
Passes: 464
Passes: 465
Passes: 466
Passes: 467
Passes: 468
Passes: 469
Passes: 470
...
Passes: 981
Passes: 982
Passes: 983
Passes: 984
Passes: 985
Passes: 986
Passes: 987
Passes: 988
Passes: 989
Passes: 990
Passes: 991
Passes: 992
Passes: 993
Passes: 994
Passes: 995
Passes: 996
Passes: 997
Passes: 998
Passes: 999
Passes: 1000
Value Iteration,130499,123228,27219,466949,16964,3789,948,253,91,143,55,40,35,30,43,40,47,38,39,34,46,34,41,35,51,44,37,53,37,38,40,36,41,46,48,47,46,36,43,31,43,43,34,34,33,45,42,41,42,40,40,42,38,37,39,48,35,39,40,35,39,45,31,32,42,43,46,36,39,46,50,43,36,42,32,37,39,43,43,42,35,39,35,40,45,46,35,44,36,45,41,40,50,49,38,38,53,43,53,35,36,31,46,35,42,32,33,48,45,35,35,31,35,39,44,42,46,36,41,45,46,35,37,45,44,44,43,40,45,38,37,56,43,32,39,35,43,43,40,45,37,42,34,41,39,40,37,35,38,34,37,46,37,40,38,40,35,37,38,51,32,35,34,35,41,46,40,43,34,42,50,33,36,38,33,40,36,38,37,41,37,54,39,39,35,37,43,38,40,36,35,43,42,55,38,34,46,39,38,41,31,33,42,42,44,47,32,38,38,31,40,41,33,33,36,47,39,39,34,43,35,43,48,34,39,51,34,42,37,39,47,37,43,33,36,32,33,38,45,47,37,41,41,40,40,39,44,41,55,35,44,44,36,34,43,47,49,41,40,43,36,44,58,41,44,45,37,50,35,42,33,38,37,52,36,39,41,40,33,46,37,33,34,32,38,41,53,49,33,45,42,36,51,37,40,35,35,40,36,40,56,53,36,31,39,39,46,32,56,40,38,41,41,45,43,40,35,39,34,38,43,42,42,32,36,39,36,36,36,33,39,37,42,34,35,42,44,39,36,44,41,50,37,36,47,36,43,37,36,43,45,45,31,47,46,36,34,36,52,39,43,37,40,38,36,41,41,38,35,35,44,40,40,40,40,44,38,34,39,37,40,38,43,36,38,35,57,37,40,43,32,54,35,39,37,42,43,44,47,39,46,41,42,49,39,44,36,47,39,38,50,42,41,37,34,40,39,43,44,38,42,33,38,39,36,39,35,36,48,43,34,43,31,47,30,45,39,48,39,54,40,40,40,37,42,37,46,37,41,41,42,37,59,39,38,40,34,33,44,50,40,36,36,40,32,42,41,32,37,35,39,40,44,39,40,46,34,33,43,46,37,37,38,38,48,46,36,39,35,41,37,33,41,45,49,38,42,33,52,36,54,45,38,30,34,34,42,38,48,38,43,45,35,37,45,35,41,34,50,43,37,48,43,36,41,40,36,37,33,32,37,36,41,43,44,36,37,44,42,36,41,45,39,38,40,36,41,40,33,39,45,36,44,43,39,36,39,51,30,41,42,39,39,42,34,42,47,38,35,39,39,36,35,51,37,38,44,37,37,33,48,51,46,46,31,46,32,36,39,35,40,40,36,36,49,33,37,38,44,43,39,51,37,35,42,49,43,38,41,39,37,36,37,53,37,35,61,40,41,39,36,48,32,34,48,44,44,36,30,46,38,38,41,34,46,33,39,37,38,33,35,43,33,37,37,47,48,39,37,36,40,44,37,32,32,34,39,47,41,44,46,36,43,35,51,40,39,40,34,41,46,36,41,40,33,43,42,38,40,38,38,37,37,50,39,36,34,35,41,38,34,37,37,39,44,39,42,34,37,43,40,41,40,40,49,41,31,47,36,37,37,30,35,39,40,43,38,37,35,37,34,34,41,36,38,36,37,33,37,41,46,43,41,30,31,43,52,36,51,41,43,37,45,30,36,37,41,45,41,36,43,37,40,46,35,36,35,47,35,34,41,29,35,37,44,48,36,37,35,45,39,38,36,33,38,41,47,44,38,36,43,44,37,37,47,45,44,42,44,31,36,36,32,39,38,36,51,43,40,34,42,39,39,43,44,49,40,33,43,37,40,36,39,39,36,40,35,43,32,35,41,44,43,40,29,46,42,35,37,37,38,42,43,52,42,35,37,34,45,35,36,41,37,37,45,40,36,32,33,36,42,39,46,41,37,39,34,32,41,39,37,35,37,39,44,30,37,33,36,37,36,35,37,41,37,39,44,36,43,33,44,37,38,34,38,38,35,35,34,43,32,35,43,40,37,35,37,41,44,48,30,46,39,41,39,38,34,35,46,38,40,37,38,42,38,43,42,41,34,39,40,41,30,44,50,35,34,48,38,47,44,41,35,48,44,33,30,37,46,40,36,50,43,35,37,48,38,42,43,46,46,37,39,41,42,40,38,37,30,37,50,45,45,35,49,37,44,38,40,39,40,40,39,47,57,41,37,39,32,40,31,35,37,34,36,37,40,40,39,39,47,46,41,43,39,36,39,45,41,40

This is your optimal policy:
num of rows in policy is 11
[>,>,>,>,v,*,>,>,>,>,<]
[^,*,*,*,v,*,^,*,*,*,^]
[^,*,v,*,>,>,^,*,v,*,^]
[^,*,v,*,>,>,^,*,v,*,^]
[^,<,<,<,*,*,*,>,>,>,^]
[*,*,^,^,*,v,*,^,^,*,*]
[>,>,^,^,*,v,*,^,^,<,<]
[^,*,*,*,>,>,v,*,*,*,^]
[^,*,v,*,>,>,v,*,v,*,^]
[^,*,v,*,^,*,v,*,v,*,^]
[^,>,>,>,^,*,>,>,>,>,^]



Num generated: 988; num unique: 78
//Policy Iteration Analysis//
Total policy iterations: 1
Total policy iterations: 2
Total policy iterations: 3
Total policy iterations: 4
...
Total policy iterations: 877
Total policy iterations: 878
Total policy iterations: 879
Total policy iterations: 880
Total policy iterations: 881
Total policy iterations: 882
Total policy iterations: 883
...
Total policy iterations: 998
Total policy iterations: 999
Total policy iterations: 1000
Policy Iteration,525038,243994,1340268,618467,85392,46879,17285,5724,4151,585,144,1275,459,108,32,40,40,40,36,42,38,41,43,41,36,43,33,46,36,33,37,43,36,43,38,45,36,36,41,47,36,34,42,36,36,43,39,32,32,39,45,40,37,40,40,37,33,41,45,43,40,39,37,41,41,36,36,34,42,37,30,43,38,44,34,39,46,40,36,38,36,47,34,35,42,36,39,43,38,37,37,43,31,41,39,47,40,41,44,37,40,38,39,42,37,33,46,37,33,46,37,46,40,51,39,44,37,35,37,36,39,38,39,42,42,38,51,40,41,44,34,39,33,41,51,33,34,46,53,38,59,42,44,41,43,41,51,36,38,35,33,35,50,35,40,39,40,43,51,35,44,30,52,40,39,39,37,37,33,34,46,44,38,52,40,44,37,44,44,37,43,58,38,47,46,35,37,37,37,34,45,33,49,45,36,51,32,37,40,39,38,46,39,37,35,35,37,44,46,37,43,29,34,35,35,35,34,44,34,35,45,37,34,46,36,43,45,38,38,33,34,46,31,38,43,39,44,43,40,42,38,43,43,41,33,44,47,35,38,38,39,37,37,34,40,49,36,38,35,40,40,37,37,35,37,33,44,36,44,40,38,43,40,34,36,42,33,44,37,35,37,33,48,31,42,46,38,38,41,49,38,43,35,44,42,41,40,33,37,40,37,39,44,40,34,43,50,41,45,42,43,45,40,41,40,40,44,44,34,44,37,36,36,42,32,43,40,37,43,38,35,36,34,51,39,38,32,36,37,37,33,36,34,39,30,32,37,40,32,41,33,43,37,40,33,43,41,36,39,38,40,33,39,45,45,47,38,33,43,35,46,56,34,32,41,33,46,42,37,39,43,38,41,38,52,45,40,45,45,36,33,42,37,38,38,40,37,33,44,45,47,42,41,35,49,31,38,54,45,40,43,34,47,52,51,39,33,34,44,40,47,39,49,41,45,40,34,42,36,38,40,37,45,36,47,38,39,39,44,39,39,38,37,37,40,37,33,36,34,47,43,46,38,43,35,33,33,48,41,41,50,44,40,37,33,48,56,36,37,37,34,45,42,44,38,39,35,46,52,45,46,42,37,42,53,40,34,38,44,35,42,33,32,32,49,44,48,43,46,46,41,50,42,36,41,35,38,38,33,35,48,43,37,49,34,34,37,39,39,33,31,51,40,46,36,32,41,40,34,48,46,38,44,43,36,50,40,39,36,40,40,45,46,31,44,41,42,43,31,43,34,33,40,39,40,51,37,36,30,39,46,45,42,39,33,40,34,46,33,35,36,39,37,37,34,34,41,42,39,42,32,39,38,37,41,35,32,38,36,39,33,38,45,30,49,36,35,43,37,30,40,39,41,42,38,35,38,41,38,33,34,44,36,49,44,41,32,42,38,40,42,32,46,47,38,36,45,37,39,47,45,34,41,39,45,38,37,36,43,49,37,37,41,31,38,41,40,34,42,39,43,34,34,43,43,41,41,39,34,32,37,48,34,34,46,38,47,34,34,37,40,37,37,40,38,39,41,35,40,40,40,45,34,45,46,43,34,33,52,38,38,33,42,54,40,37,37,52,48,33,37,40,39,40,33,37,37,42,32,44,50,49,42,40,33,37,32,44,36,40,37,34,35,30,41,38,39,34,31,38,47,48,38,42,34,39,41,44,45,33,34,38,46,38,46,41,37,50,39,42,44,38,33,39,36,43,35,51,32,45,39,37,36,38,44,53,44,39,45,51,33,34,47,40,39,38,45,41,34,43,33,30,40,35,43,34,38,32,41,38,45,37,35,38,49,37,39,48,36,40,35,32,43,34,34,36,45,32,35,36,38,50,42,33,35,41,46,44,36,58,46,44,37,37,35,36,40,47,37,39,35,48,42,38,36,40,38,32,36,33,34,45,41,43,44,38,37,50,55,38,34,35,45,40,37,42,36,36,50,33,41,42,37,38,40,43,33,45,40,36,43,50,45,40,53,35,36,45,32,46,44,38,43,34,38,38,39,48,42,40,43,41,38,37,38,39,39,33,36,43,35,32,37,34,44,37,42,34,50,40,37,36,40,47,52,37,31,39,44,37,40,39,39,40,36,38,42,44,43,49,45,37,38,46,37,54,48,32,44,36,42,38,41,39,45,37,35,43,33,47,38,43,39,33,42,37,41,48,39,33,42,53,38,37,41,39,33,43,41,48,44,46,40,35,43,47,48,33,45,40,40,39,44,37,32,39,34,38,39,35,33,39,56,38,45,41,40,35,40,43
Passes: 33

This is your optimal policy:
num of rows in policy is 11
[>,>,>,>,v,*,>,>,>,>,^]
[^,*,*,*,v,*,^,*,*,*,^]
[^,*,v,*,>,>,^,*,v,*,^]
[^,*,v,*,>,>,^,*,v,*,^]
[^,<,<,<,*,*,*,>,>,>,^]
[*,*,^,^,*,v,*,^,^,*,*]
[>,>,^,^,*,v,*,^,^,<,<]
[^,*,*,*,>,>,v,*,*,*,^]
[^,*,v,*,>,>,v,*,v,*,^]
[^,*,v,*,^,*,v,*,v,*,^]
[^,>,>,>,^,*,>,>,>,>,^]



//Q Learning Analysis//
Q Learning,903,328,381,321,780,633,160,453,145,329,128,332,258,260,258,112,246,77,223,77,186,90,82,338,181,221,74,150,67,93,124,52,140,74,78,91,58,57,55,55,126,64,57,41,66,71,61,56,161,51,120,76,45,122,72,49,63,43,57,115,60,69,505,48,77,52,45,129,83,187,49,79,62,56,228,93,107,42,92,104,82,38,89,42,50,74,64,232,110,45,148,111,159,66,68,44,99,203,70,69,60,69,43,87,51,65,80,75,42,43,81,78,68,90,46,39,71,58,50,68,96,62,46,57,64,83,63,118,69,77,79,97,84,127,44,47,45,65,90,67,101,53,79,77,39,71,45,56,116,86,62,46,80,67,126,52,109,190,226,52,141,102,81,64,44,109,54,49,143,64,81,83,148,164,46,49,62,159,54,58,58,63,87,139,60,69,57,81,70,63,104,56,51,43,52,241,46,70,59,69,92,79,49,58,117,52,100,62,62,71,99,76,45,75,92,86,101,63,60,65,203,71,121,107,77,103,217,35,114,68,118,57,62,123,82,54,71,65,58,98,65,142,55,309,52,73,57,50,99,155,42,89,53,42,57,53,63,79,209,200,53,107,35,149,70,51,41,60,56,293,87,47,45,83,52,46,60,52,78,60,44,92,58,61,62,48,100,66,79,46,80,59,38,67,102,112,54,46,78,73,84,46,64,53,63,132,76,53,81,183,47,79,51,92,57,59,72,205,70,83,82,86,108,45,49,51,77,47,129,130,63,82,85,55,77,41,79,100,92,104,68,36,192,78,84,48,76,88,92,39,109,58,49,93,51,97,86,141,59,105,45,246,50,272,72,147,63,64,142,60,112,64,143,169,85,73,189,54,62,77,46,90,98,48,90,154,50,54,51,105,114,48,67,50,60,64,46,58,77,48,114,146,55,114,83,55,82,92,88,53,61,62,66,131,47,64,82,48,128,81,77,94,126,80,79,88,91,45,141,99,59,105,74,59,70,81,57,50,104,148,167,48,97,117,41,46,76,56,95,69,92,52,140,147,98,100,45,55,109,88,50,139,117,59,68,182,48,52,73,86,53,52,64,101,101,79,77,66,82,75,85,75,49,64,60,58,231,45,64,49,64,57,124,59,62,59,110,135,39,70,69,67,48,75,42,99,60,133,59,100,52,111,148,40,60,162,74,58,282,56,86,93,98,54,47,207,110,116,53,54,56,73,155,61,49,139,37,310,43,213,43,72,97,78,164,61,105,76,61,130,73,64,57,81,55,133,44,74,77,95,42,72,161,82,49,50,61,56,62,47,64,66,101,63,88,107,45,40,67,55,94,46,59,136,112,115,96,119,57,128,68,41,50,81,58,54,168,95,61,52,74,59,67,80,67,262,68,127,56,38,87,107,59,105,61,123,80,73,120,122,95,65,45,34,46,118,127,53,58,61,72,80,42,86,91,62,46,58,54,63,54,108,43,163,76,64,66,39,141,67,147,63,70,45,186,48,43,187,57,59,91,46,160,68,67,90,79,64,73,53,53,284,75,60,59,76,66,73,73,43,65,44,58,82,80,58,78,74,112,71,86,110,101,206,46,124,144,60,69,61,56,85,120,83,51,58,62,47,82,66,54,114,103,86,128,78,51,49,98,97,54,73,112,56,40,78,200,87,57,50,80,56,106,84,53,119,104,82,72,187,69,57,61,88,139,104,74,121,91,62,50,138,76,65,171,62,118,86,72,77,37,45,67,112,70,107,54,54,121,62,89,101,45,69,56,63,85,107,172,57,116,51,69,83,52,93,60,120,55,55,36,36,52,67,62,65,44,192,73,45,65,211,62,207,117,109,77,70,54,51,59,64,49,172,51,41,42,91,67,74,180,46,70,77,35,52,71,91,96,50,112,60,70,76,61,49,57,59,65,93,79,54,74,43,42,67,108,104,57,90,38,64,62,63,110,54,69,71,73,49,59,87,168,39,95,47,107,64,153,88,73,40,42,61,47,56,182,56,86,68,58,52,55,55,282,97,93,57,52,61,84,137,46,89,92,65,60,55,48,89,112,96,122,90,63,53,90,43,120,140,95,53,45,80,56,81,42,66,61,201,71,102,57,57,86,44,63,79,124,85,50,77,73,115,47,43,108,92,105,187,53,58,46,82,48,71,44,73,64,103,60,40,55,78,145,71,69,172,58,59,60,68,86,95,123,59,94,60,131,131,81,47,71,83,63,48,75,44,65,49,52,199,55,120,53,84,38,66,71,105,55,76,111,62,48,76,73,74,62,121
Passes: 33

This is your optimal policy:
num of rows in policy is 11
[>,^,>,>,v,*,>,>,>,>,v]
[^,*,*,*,v,*,^,*,*,*,^]
[^,*,>,*,>,>,^,*,v,*,^]
[>,*,v,*,v,>,^,*,v,*,^]
[^,<,<,<,*,*,*,>,>,>,^]
[*,*,^,^,*,^,*,>,v,*,*]
[^,v,>,^,*,^,*,v,^,<,<]
[^,*,*,*,>,<,^,*,*,*,^]
[^,*,v,*,>,>,v,*,v,*,^]
[^,*,v,*,v,*,v,*,v,*,^]
[^,^,<,<,<,*,>,>,>,>,^]



//Aggregate Analysis//

The data below shows the number of steps/actions the agent required to reach
the terminal state given the number of iterations the algorithm was run.
Iterations,1,2,3,4,5,6,7,8,9,10,11,12,13,14,15,16,17,18,19,20,21,22,23,24,25,26,27,28,29,30,31,32,33,34,35,36,37,38,39,40,41,42,43,44,45,46,47,48,49,50,51,52,53,54,55,56,57,58,59,60,61,62,63,64,65,66,67,68,69,70,71,72,73,74,75,76,77,78,79,80,81,82,83,84,85,86,87,88,89,90,91,92,93,94,95,96,97,98,99,100,101,102,103,104,105,106,107,108,109,110,111,112,113,114,115,116,117,118,119,120,121,122,123,124,125,126,127,128,129,130,131,132,133,134,135,136,137,138,139,140,141,142,143,144,145,146,147,148,149,150,151,152,153,154,155,156,157,158,159,160,161,162,163,164,165,166,167,168,169,170,171,172,173,174,175,176,177,178,179,180,181,182,183,184,185,186,187,188,189,190,191,192,193,194,195,196,197,198,199,200,201,202,203,204,205,206,207,208,209,210,211,212,213,214,215,216,217,218,219,220,221,222,223,224,225,226,227,228,229,230,231,232,233,234,235,236,237,238,239,240,241,242,243,244,245,246,247,248,249,250,251,252,253,254,255,256,257,258,259,260,261,262,263,264,265,266,267,268,269,270,271,272,273,274,275,276,277,278,279,280,281,282,283,284,285,286,287,288,289,290,291,292,293,294,295,296,297,298,299,300,301,302,303,304,305,306,307,308,309,310,311,312,313,314,315,316,317,318,319,320,321,322,323,324,325,326,327,328,329,330,331,332,333,334,335,336,337,338,339,340,341,342,343,344,345,346,347,348,349,350,351,352,353,354,355,356,357,358,359,360,361,362,363,364,365,366,367,368,369,370,371,372,373,374,375,376,377,378,379,380,381,382,383,384,385,386,387,388,389,390,391,392,393,394,395,396,397,398,399,400,401,402,403,404,405,406,407,408,409,410,411,412,413,414,415,416,417,418,419,420,421,422,423,424,425,426,427,428,429,430,431,432,433,434,435,436,437,438,439,440,441,442,443,444,445,446,447,448,449,450,451,452,453,454,455,456,457,458,459,460,461,462,463,464,465,466,467,468,469,470,471,472,473,474,475,476,477,478,479,480,481,482,483,484,485,486,487,488,489,490,491,492,493,494,495,496,497,498,499,500,501,502,503,504,505,506,507,508,509,510,511,512,513,514,515,516,517,518,519,520,521,522,523,524,525,526,527,528,529,530,531,532,533,534,535,536,537,538,539,540,541,542,543,544,545,546,547,548,549,550,551,552,553,554,555,556,557,558,559,560,561,562,563,564,565,566,567,568,569,570,571,572,573,574,575,576,577,578,579,580,581,582,583,584,585,586,587,588,589,590,591,592,593,594,595,596,597,598,599,600,601,602,603,604,605,606,607,608,609,610,611,612,613,614,615,616,617,618,619,620,621,622,623,624,625,626,627,628,629,630,631,632,633,634,635,636,637,638,639,640,641,642,643,644,645,646,647,648,649,650,651,652,653,654,655,656,657,658,659,660,661,662,663,664,665,666,667,668,669,670,671,672,673,674,675,676,677,678,679,680,681,682,683,684,685,686,687,688,689,690,691,692,693,694,695,696,697,698,699,700,701,702,703,704,705,706,707,708,709,710,711,712,713,714,715,716,717,718,719,720,721,722,723,724,725,726,727,728,729,730,731,732,733,734,735,736,737,738,739,740,741,742,743,744,745,746,747,748,749,750,751,752,753,754,755,756,757,758,759,760,761,762,763,764,765,766,767,768,769,770,771,772,773,774,775,776,777,778,779,780,781,782,783,784,785,786,787,788,789,790,791,792,793,794,795,796,797,798,799,800,801,802,803,804,805,806,807,808,809,810,811,812,813,814,815,816,817,818,819,820,821,822,823,824,825,826,827,828,829,830,831,832,833,834,835,836,837,838,839,840,841,842,843,844,845,846,847,848,849,850,851,852,853,854,855,856,857,858,859,860,861,862,863,864,865,866,867,868,869,870,871,872,873,874,875,876,877,878,879,880,881,882,883,884,885,886,887,888,889,890,891,892,893,894,895,896,897,898,899,900,901,902,903,904,905,906,907,908,909,910,911,912,913,914,915,916,917,918,919,920,921,922,923,924,925,926,927,928,929,930,931,932,933,934,935,936,937,938,939,940,941,942,943,944,945,946,947,948,949,950,951,952,953,954,955,956,957,958,959,960,961,962,963,964,965,966,967,968,969,970,971,972,973,974,975,976,977,978,979,980,981,982,983,984,985,986,987,988,989,990,991,992,993,994,995,996,997,998,999,1000
Value Iteration,130499,123228,27219,466949,16964,3789,948,253,91,143,55,40,35,30,43,40,47,38,39,34,46,34,41,35,51,44,37,53,37,38,40,36,41,46,48,47,46,36,43,31,43,43,34,34,33,45,42,41,42,40,40,42,38,37,39,48,35,39,40,35,39,45,31,32,42,43,46,36,39,46,50,43,36,42,32,37,39,43,43,42,35,39,35,40,45,46,35,44,36,45,41,40,50,49,38,38,53,43,53,35,36,31,46,35,42,32,33,48,45,35,35,31,35,39,44,42,46,36,41,45,46,35,37,45,44,44,43,40,45,38,37,56,43,32,39,35,43,43,40,45,37,42,34,41,39,40,37,35,38,34,37,46,37,40,38,40,35,37,38,51,32,35,34,35,41,46,40,43,34,42,50,33,36,38,33,40,36,38,37,41,37,54,39,39,35,37,43,38,40,36,35,43,42,55,38,34,46,39,38,41,31,33,42,42,44,47,32,38,38,31,40,41,33,33,36,47,39,39,34,43,35,43,48,34,39,51,34,42,37,39,47,37,43,33,36,32,33,38,45,47,37,41,41,40,40,39,44,41,55,35,44,44,36,34,43,47,49,41,40,43,36,44,58,41,44,45,37,50,35,42,33,38,37,52,36,39,41,40,33,46,37,33,34,32,38,41,53,49,33,45,42,36,51,37,40,35,35,40,36,40,56,53,36,31,39,39,46,32,56,40,38,41,41,45,43,40,35,39,34,38,43,42,42,32,36,39,36,36,36,33,39,37,42,34,35,42,44,39,36,44,41,50,37,36,47,36,43,37,36,43,45,45,31,47,46,36,34,36,52,39,43,37,40,38,36,41,41,38,35,35,44,40,40,40,40,44,38,34,39,37,40,38,43,36,38,35,57,37,40,43,32,54,35,39,37,42,43,44,47,39,46,41,42,49,39,44,36,47,39,38,50,42,41,37,34,40,39,43,44,38,42,33,38,39,36,39,35,36,48,43,34,43,31,47,30,45,39,48,39,54,40,40,40,37,42,37,46,37,41,41,42,37,59,39,38,40,34,33,44,50,40,36,36,40,32,42,41,32,37,35,39,40,44,39,40,46,34,33,43,46,37,37,38,38,48,46,36,39,35,41,37,33,41,45,49,38,42,33,52,36,54,45,38,30,34,34,42,38,48,38,43,45,35,37,45,35,41,34,50,43,37,48,43,36,41,40,36,37,33,32,37,36,41,43,44,36,37,44,42,36,41,45,39,38,40,36,41,40,33,39,45,36,44,43,39,36,39,51,30,41,42,39,39,42,34,42,47,38,35,39,39,36,35,51,37,38,44,37,37,33,48,51,46,46,31,46,32,36,39,35,40,40,36,36,49,33,37,38,44,43,39,51,37,35,42,49,43,38,41,39,37,36,37,53,37,35,61,40,41,39,36,48,32,34,48,44,44,36,30,46,38,38,41,34,46,33,39,37,38,33,35,43,33,37,37,47,48,39,37,36,40,44,37,32,32,34,39,47,41,44,46,36,43,35,51,40,39,40,34,41,46,36,41,40,33,43,42,38,40,38,38,37,37,50,39,36,34,35,41,38,34,37,37,39,44,39,42,34,37,43,40,41,40,40,49,41,31,47,36,37,37,30,35,39,40,43,38,37,35,37,34,34,41,36,38,36,37,33,37,41,46,43,41,30,31,43,52,36,51,41,43,37,45,30,36,37,41,45,41,36,43,37,40,46,35,36,35,47,35,34,41,29,35,37,44,48,36,37,35,45,39,38,36,33,38,41,47,44,38,36,43,44,37,37,47,45,44,42,44,31,36,36,32,39,38,36,51,43,40,34,42,39,39,43,44,49,40,33,43,37,40,36,39,39,36,40,35,43,32,35,41,44,43,40,29,46,42,35,37,37,38,42,43,52,42,35,37,34,45,35,36,41,37,37,45,40,36,32,33,36,42,39,46,41,37,39,34,32,41,39,37,35,37,39,44,30,37,33,36,37,36,35,37,41,37,39,44,36,43,33,44,37,38,34,38,38,35,35,34,43,32,35,43,40,37,35,37,41,44,48,30,46,39,41,39,38,34,35,46,38,40,37,38,42,38,43,42,41,34,39,40,41,30,44,50,35,34,48,38,47,44,41,35,48,44,33,30,37,46,40,36,50,43,35,37,48,38,42,43,46,46,37,39,41,42,40,38,37,30,37,50,45,45,35,49,37,44,38,40,39,40,40,39,47,57,41,37,39,32,40,31,35,37,34,36,37,40,40,39,39,47,46,41,43,39,36,39,45,41,40
Policy Iteration,525038,243994,1340268,618467,85392,46879,17285,5724,4151,585,144,1275,459,108,32,40,40,40,36,42,38,41,43,41,36,43,33,46,36,33,37,43,36,43,38,45,36,36,41,47,36,34,42,36,36,43,39,32,32,39,45,40,37,40,40,37,33,41,45,43,40,39,37,41,41,36,36,34,42,37,30,43,38,44,34,39,46,40,36,38,36,47,34,35,42,36,39,43,38,37,37,43,31,41,39,47,40,41,44,37,40,38,39,42,37,33,46,37,33,46,37,46,40,51,39,44,37,35,37,36,39,38,39,42,42,38,51,40,41,44,34,39,33,41,51,33,34,46,53,38,59,42,44,41,43,41,51,36,38,35,33,35,50,35,40,39,40,43,51,35,44,30,52,40,39,39,37,37,33,34,46,44,38,52,40,44,37,44,44,37,43,58,38,47,46,35,37,37,37,34,45,33,49,45,36,51,32,37,40,39,38,46,39,37,35,35,37,44,46,37,43,29,34,35,35,35,34,44,34,35,45,37,34,46,36,43,45,38,38,33,34,46,31,38,43,39,44,43,40,42,38,43,43,41,33,44,47,35,38,38,39,37,37,34,40,49,36,38,35,40,40,37,37,35,37,33,44,36,44,40,38,43,40,34,36,42,33,44,37,35,37,33,48,31,42,46,38,38,41,49,38,43,35,44,42,41,40,33,37,40,37,39,44,40,34,43,50,41,45,42,43,45,40,41,40,40,44,44,34,44,37,36,36,42,32,43,40,37,43,38,35,36,34,51,39,38,32,36,37,37,33,36,34,39,30,32,37,40,32,41,33,43,37,40,33,43,41,36,39,38,40,33,39,45,45,47,38,33,43,35,46,56,34,32,41,33,46,42,37,39,43,38,41,38,52,45,40,45,45,36,33,42,37,38,38,40,37,33,44,45,47,42,41,35,49,31,38,54,45,40,43,34,47,52,51,39,33,34,44,40,47,39,49,41,45,40,34,42,36,38,40,37,45,36,47,38,39,39,44,39,39,38,37,37,40,37,33,36,34,47,43,46,38,43,35,33,33,48,41,41,50,44,40,37,33,48,56,36,37,37,34,45,42,44,38,39,35,46,52,45,46,42,37,42,53,40,34,38,44,35,42,33,32,32,49,44,48,43,46,46,41,50,42,36,41,35,38,38,33,35,48,43,37,49,34,34,37,39,39,33,31,51,40,46,36,32,41,40,34,48,46,38,44,43,36,50,40,39,36,40,40,45,46,31,44,41,42,43,31,43,34,33,40,39,40,51,37,36,30,39,46,45,42,39,33,40,34,46,33,35,36,39,37,37,34,34,41,42,39,42,32,39,38,37,41,35,32,38,36,39,33,38,45,30,49,36,35,43,37,30,40,39,41,42,38,35,38,41,38,33,34,44,36,49,44,41,32,42,38,40,42,32,46,47,38,36,45,37,39,47,45,34,41,39,45,38,37,36,43,49,37,37,41,31,38,41,40,34,42,39,43,34,34,43,43,41,41,39,34,32,37,48,34,34,46,38,47,34,34,37,40,37,37,40,38,39,41,35,40,40,40,45,34,45,46,43,34,33,52,38,38,33,42,54,40,37,37,52,48,33,37,40,39,40,33,37,37,42,32,44,50,49,42,40,33,37,32,44,36,40,37,34,35,30,41,38,39,34,31,38,47,48,38,42,34,39,41,44,45,33,34,38,46,38,46,41,37,50,39,42,44,38,33,39,36,43,35,51,32,45,39,37,36,38,44,53,44,39,45,51,33,34,47,40,39,38,45,41,34,43,33,30,40,35,43,34,38,32,41,38,45,37,35,38,49,37,39,48,36,40,35,32,43,34,34,36,45,32,35,36,38,50,42,33,35,41,46,44,36,58,46,44,37,37,35,36,40,47,37,39,35,48,42,38,36,40,38,32,36,33,34,45,41,43,44,38,37,50,55,38,34,35,45,40,37,42,36,36,50,33,41,42,37,38,40,43,33,45,40,36,43,50,45,40,53,35,36,45,32,46,44,38,43,34,38,38,39,48,42,40,43,41,38,37,38,39,39,33,36,43,35,32,37,34,44,37,42,34,50,40,37,36,40,47,52,37,31,39,44,37,40,39,39,40,36,38,42,44,43,49,45,37,38,46,37,54,48,32,44,36,42,38,41,39,45,37,35,43,33,47,38,43,39,33,42,37,41,48,39,33,42,53,38,37,41,39,33,43,41,48,44,46,40,35,43,47,48,33,45,40,40,39,44,37,32,39,34,38,39,35,33,39,56,38,45,41,40,35,40,43
Q Learning,903,328,381,321,780,633,160,453,145,329,128,332,258,260,258,112,246,77,223,77,186,90,82,338,181,221,74,150,67,93,124,52,140,74,78,91,58,57,55,55,126,64,57,41,66,71,61,56,161,51,120,76,45,122,72,49,63,43,57,115,60,69,505,48,77,52,45,129,83,187,49,79,62,56,228,93,107,42,92,104,82,38,89,42,50,74,64,232,110,45,148,111,159,66,68,44,99,203,70,69,60,69,43,87,51,65,80,75,42,43,81,78,68,90,46,39,71,58,50,68,96,62,46,57,64,83,63,118,69,77,79,97,84,127,44,47,45,65,90,67,101,53,79,77,39,71,45,56,116,86,62,46,80,67,126,52,109,190,226,52,141,102,81,64,44,109,54,49,143,64,81,83,148,164,46,49,62,159,54,58,58,63,87,139,60,69,57,81,70,63,104,56,51,43,52,241,46,70,59,69,92,79,49,58,117,52,100,62,62,71,99,76,45,75,92,86,101,63,60,65,203,71,121,107,77,103,217,35,114,68,118,57,62,123,82,54,71,65,58,98,65,142,55,309,52,73,57,50,99,155,42,89,53,42,57,53,63,79,209,200,53,107,35,149,70,51,41,60,56,293,87,47,45,83,52,46,60,52,78,60,44,92,58,61,62,48,100,66,79,46,80,59,38,67,102,112,54,46,78,73,84,46,64,53,63,132,76,53,81,183,47,79,51,92,57,59,72,205,70,83,82,86,108,45,49,51,77,47,129,130,63,82,85,55,77,41,79,100,92,104,68,36,192,78,84,48,76,88,92,39,109,58,49,93,51,97,86,141,59,105,45,246,50,272,72,147,63,64,142,60,112,64,143,169,85,73,189,54,62,77,46,90,98,48,90,154,50,54,51,105,114,48,67,50,60,64,46,58,77,48,114,146,55,114,83,55,82,92,88,53,61,62,66,131,47,64,82,48,128,81,77,94,126,80,79,88,91,45,141,99,59,105,74,59,70,81,57,50,104,148,167,48,97,117,41,46,76,56,95,69,92,52,140,147,98,100,45,55,109,88,50,139,117,59,68,182,48,52,73,86,53,52,64,101,101,79,77,66,82,75,85,75,49,64,60,58,231,45,64,49,64,57,124,59,62,59,110,135,39,70,69,67,48,75,42,99,60,133,59,100,52,111,148,40,60,162,74,58,282,56,86,93,98,54,47,207,110,116,53,54,56,73,155,61,49,139,37,310,43,213,43,72,97,78,164,61,105,76,61,130,73,64,57,81,55,133,44,74,77,95,42,72,161,82,49,50,61,56,62,47,64,66,101,63,88,107,45,40,67,55,94,46,59,136,112,115,96,119,57,128,68,41,50,81,58,54,168,95,61,52,74,59,67,80,67,262,68,127,56,38,87,107,59,105,61,123,80,73,120,122,95,65,45,34,46,118,127,53,58,61,72,80,42,86,91,62,46,58,54,63,54,108,43,163,76,64,66,39,141,67,147,63,70,45,186,48,43,187,57,59,91,46,160,68,67,90,79,64,73,53,53,284,75,60,59,76,66,73,73,43,65,44,58,82,80,58,78,74,112,71,86,110,101,206,46,124,144,60,69,61,56,85,120,83,51,58,62,47,82,66,54,114,103,86,128,78,51,49,98,97,54,73,112,56,40,78,200,87,57,50,80,56,106,84,53,119,104,82,72,187,69,57,61,88,139,104,74,121,91,62,50,138,76,65,171,62,118,86,72,77,37,45,67,112,70,107,54,54,121,62,89,101,45,69,56,63,85,107,172,57,116,51,69,83,52,93,60,120,55,55,36,36,52,67,62,65,44,192,73,45,65,211,62,207,117,109,77,70,54,51,59,64,49,172,51,41,42,91,67,74,180,46,70,77,35,52,71,91,96,50,112,60,70,76,61,49,57,59,65,93,79,54,74,43,42,67,108,104,57,90,38,64,62,63,110,54,69,71,73,49,59,87,168,39,95,47,107,64,153,88,73,40,42,61,47,56,182,56,86,68,58,52,55,55,282,97,93,57,52,61,84,137,46,89,92,65,60,55,48,89,112,96,122,90,63,53,90,43,120,140,95,53,45,80,56,81,42,66,61,201,71,102,57,57,86,44,63,79,124,85,50,77,73,115,47,43,108,92,105,187,53,58,46,82,48,71,44,73,64,103,60,40,55,78,145,71,69,172,58,59,60,68,86,95,123,59,94,60,131,131,81,47,71,83,63,48,75,44,65,49,52,199,55,120,53,84,38,66,71,105,55,76,111,62,48,76,73,74,62,121

The data below shows the number of milliseconds the algorithm required to generate
the optimal policy given the number of iterations the algorithm was run.
Iterations,1,2,3,4,5,6,7,8,9,10,11,12,13,14,15,16,17,18,19,20,21,22,23,24,25,26,27,28,29,30,31,32,33,34,35,36,37,38,39,40,41,42,43,44,45,46,47,48,49,50,51,52,53,54,55,56,57,58,59,60,61,62,63,64,65,66,67,68,69,70,71,72,73,74,75,76,77,78,79,80,81,82,83,84,85,86,87,88,89,90,91,92,93,94,95,96,97,98,99,100,101,102,103,104,105,106,107,108,109,110,111,112,113,114,115,116,117,118,119,120,121,122,123,124,125,126,127,128,129,130,131,132,133,134,135,136,137,138,139,140,141,142,143,144,145,146,147,148,149,150,151,152,153,154,155,156,157,158,159,160,161,162,163,164,165,166,167,168,169,170,171,172,173,174,175,176,177,178,179,180,181,182,183,184,185,186,187,188,189,190,191,192,193,194,195,196,197,198,199,200,201,202,203,204,205,206,207,208,209,210,211,212,213,214,215,216,217,218,219,220,221,222,223,224,225,226,227,228,229,230,231,232,233,234,235,236,237,238,239,240,241,242,243,244,245,246,247,248,249,250,251,252,253,254,255,256,257,258,259,260,261,262,263,264,265,266,267,268,269,270,271,272,273,274,275,276,277,278,279,280,281,282,283,284,285,286,287,288,289,290,291,292,293,294,295,296,297,298,299,300,301,302,303,304,305,306,307,308,309,310,311,312,313,314,315,316,317,318,319,320,321,322,323,324,325,326,327,328,329,330,331,332,333,334,335,336,337,338,339,340,341,342,343,344,345,346,347,348,349,350,351,352,353,354,355,356,357,358,359,360,361,362,363,364,365,366,367,368,369,370,371,372,373,374,375,376,377,378,379,380,381,382,383,384,385,386,387,388,389,390,391,392,393,394,395,396,397,398,399,400,401,402,403,404,405,406,407,408,409,410,411,412,413,414,415,416,417,418,419,420,421,422,423,424,425,426,427,428,429,430,431,432,433,434,435,436,437,438,439,440,441,442,443,444,445,446,447,448,449,450,451,452,453,454,455,456,457,458,459,460,461,462,463,464,465,466,467,468,469,470,471,472,473,474,475,476,477,478,479,480,481,482,483,484,485,486,487,488,489,490,491,492,493,494,495,496,497,498,499,500,501,502,503,504,505,506,507,508,509,510,511,512,513,514,515,516,517,518,519,520,521,522,523,524,525,526,527,528,529,530,531,532,533,534,535,536,537,538,539,540,541,542,543,544,545,546,547,548,549,550,551,552,553,554,555,556,557,558,559,560,561,562,563,564,565,566,567,568,569,570,571,572,573,574,575,576,577,578,579,580,581,582,583,584,585,586,587,588,589,590,591,592,593,594,595,596,597,598,599,600,601,602,603,604,605,606,607,608,609,610,611,612,613,614,615,616,617,618,619,620,621,622,623,624,625,626,627,628,629,630,631,632,633,634,635,636,637,638,639,640,641,642,643,644,645,646,647,648,649,650,651,652,653,654,655,656,657,658,659,660,661,662,663,664,665,666,667,668,669,670,671,672,673,674,675,676,677,678,679,680,681,682,683,684,685,686,687,688,689,690,691,692,693,694,695,696,697,698,699,700,701,702,703,704,705,706,707,708,709,710,711,712,713,714,715,716,717,718,719,720,721,722,723,724,725,726,727,728,729,730,731,732,733,734,735,736,737,738,739,740,741,742,743,744,745,746,747,748,749,750,751,752,753,754,755,756,757,758,759,760,761,762,763,764,765,766,767,768,769,770,771,772,773,774,775,776,777,778,779,780,781,782,783,784,785,786,787,788,789,790,791,792,793,794,795,796,797,798,799,800,801,802,803,804,805,806,807,808,809,810,811,812,813,814,815,816,817,818,819,820,821,822,823,824,825,826,827,828,829,830,831,832,833,834,835,836,837,838,839,840,841,842,843,844,845,846,847,848,849,850,851,852,853,854,855,856,857,858,859,860,861,862,863,864,865,866,867,868,869,870,871,872,873,874,875,876,877,878,879,880,881,882,883,884,885,886,887,888,889,890,891,892,893,894,895,896,897,898,899,900,901,902,903,904,905,906,907,908,909,910,911,912,913,914,915,916,917,918,919,920,921,922,923,924,925,926,927,928,929,930,931,932,933,934,935,936,937,938,939,940,941,942,943,944,945,946,947,948,949,950,951,952,953,954,955,956,957,958,959,960,961,962,963,964,965,966,967,968,969,970,971,972,973,974,975,976,977,978,979,980,981,982,983,984,985,986,987,988,989,990,991,992,993,994,995,996,997,998,999,1000
Value Iteration,73,8,4,10,4,6,5,7,7,9,9,11,12,11,11,14,13,15,16,15,15,19,18,21,18,22,19,19,19,22,22,24,24,25,25,25,27,27,27,27,29,29,28,33,29,32,32,32,35,35,167,36,38,34,36,36,37,38,39,40,38,57,44,44,42,43,45,44,44,43,45,47,50,53,51,50,52,53,52,54,71,58,56,59,55,59,104,55,58,62,60,63,60,62,64,64,62,65,67,65,67,66,65,65,69,69,68,70,72,72,73,77,75,79,80,76,76,79,77,78,77,77,81,82,84,84,83,87,85,83,86,90,87,88,90,91,90,88,94,89,94,94,91,93,92,93,101,104,94,102,95,101,102,103,102,105,111,104,103,106,107,110,116,113,110,119,111,109,114,113,118,112,116,115,122,116,120,117,119,120,123,123,129,119,121,123,127,123,122,125,137,133,146,138,130,141,140,136,133,132,137,133,140,133,151,139,134,139,145,155,131,134,138,138,136,138,140,140,154,144,139,142,144,141,144,145,149,146,150,151,148,150,151,153,149,155,151,150,152,156,157,152,159,157,156,160,160,159,164,157,159,162,164,159,166,164,165,166,171,163,173,168,168,170,173,167,173,174,171,173,175,170,178,174,174,175,181,211,197,177,184,184,181,185,176,185,183,185,189,192,184,188,198,189,193,188,221,199,197,198,191,194,194,199,204,197,210,216,207,219,198,201,211,214,210,244,218,236,204,210,210,207,211,209,208,229,206,224,210,211,214,213,215,214,216,218,217,215,216,219,219,227,219,222,222,223,222,224,228,231,229,226,229,227,233,227,229,230,231,226,234,232,235,237,236,251,233,243,239,234,237,242,240,255,251,242,249,252,251,257,248,247,245,250,271,256,248,253,250,252,246,273,286,266,250,289,285,258,260,253,260,258,260,257,292,293,274,294,269,260,263,268,265,274,264,273,268,271,282,298,271,284,289,281,283,274,303,292,273,295,284,278,322,278,288,288,286,295,296,303,298,292,302,284,284,288,287,284,288,290,303,289,290,289,290,287,291,292,291,300,318,292,298,302,302,306,315,302,304,307,313,311,345,321,302,307,308,308,319,325,308,308,313,314,323,323,332,323,313,329,332,316,323,336,315,331,339,335,333,325,328,324,337,322,337,341,331,349,324,318,326,328,324,337,328,327,331,332,329,349,334,326,342,339,334,342,340,331,344,345,342,343,340,343,342,347,343,345,344,349,349,351,347,349,354,353,366,346,352,359,348,356,357,357,360,358,361,352,359,357,367,376,429,415,404,362,359,376,360,365,369,368,365,363,366,366,367,374,364,371,374,370,398,398,413,394,386,399,380,379,381,375,381,391,384,376,378,390,383,386,386,394,396,394,383,392,400,394,396,390,389,392,391,388,460,415,404,405,401,654,405,407,406,411,413,406,413,407,410,412,411,415,419,419,409,410,412,421,410,410,447,435,437,416,432,416,454,472,422,428,421,420,426,420,423,424,424,431,434,436,451,431,437,473,434,438,447,446,448,444,431,428,446,437,433,438,446,434,440,448,434,444,447,451,448,449,438,450,440,445,441,450,447,446,435,447,452,453,451,451,453,450,451,453,456,455,456,453,455,454,468,449,460,454,457,460,458,457,468,460,462,467,473,458,460,467,463,458,470,468,463,469,470,477,473,477,479,467,491,477,487,483,486,477,474,490,473,472,479,482,480,483,484,487,480,482,484,484,488,488,482,480,487,497,495,499,490,484,498,492,489,487,508,498,498,501,491,492,499,508,510,514,505,540,508,507,522,510,510,507,508,522,523,517,548,561,531,546,578,551,513,557,572,567,543,521,523,575,569,514,525,518,523,520,519,517,523,555,537,528,533,583,581,573,531,534,596,532,539,553,536,529,537,542,531,532,538,542,521,530,532,541,540,536,542,527,542,542,540,546,547,547,550,568,545,554,551,563,545,551,544,550,548,544,558,555,558,554,556,550,563,556,559,565,558,569,566,570,573,618,614,579,565,579,566,568,568,575,576,594,589,625,635,575,591,576,578,592,595,601,594,592,582,581,583,594,588,679,609,585,585,582,581,580,586,584,581,591,589,594,586,579,591,594,586,601,595,590,585,590,599,615,599,611,610,601,602,590,600,604,596,607,607,602,617,622,615,616,631,619,639,645,676,647,635,647,640,622,626,613,616,613,610,615,621,626,628,627,618,643,622,616,627,629,619,630,653,635,627,644,639,646,653,630,640,630,635,635,632,632,628,639,637,630,637,639,635,636,642,642
Policy Iteration,9,4,6,6,8,9,11,11,13,15,15,20,17,19,19,22,22,23,25,26,29,35,31,34,33,34,33,36,39,41,45,42,41,44,43,45,47,51,55,55,52,54,55,66,58,57,62,171,63,62,65,65,64,70,71,73,72,74,76,77,191,75,78,78,82,84,85,85,83,86,90,198,91,95,96,94,99,98,98,99,226,100,106,103,110,108,107,110,226,109,117,115,117,114,118,119,234,131,121,125,127,127,129,135,226,129,133,133,133,150,145,231,141,142,141,140,149,148,242,149,150,150,159,154,252,156,155,157,168,161,277,169,164,170,169,167,249,169,173,178,173,178,234,177,184,180,180,188,183,188,185,186,191,191,193,198,194,196,201,198,205,202,209,209,209,210,204,210,211,211,219,212,220,213,221,218,224,225,237,228,224,228,228,232,227,229,233,248,234,237,245,245,245,241,247,246,251,246,244,251,256,253,249,257,256,262,260,267,262,257,265,278,270,267,267,274,270,268,274,280,276,276,288,286,277,283,287,282,284,294,295,285,288,300,315,309,296,308,305,301,311,313,321,318,304,307,311,313,320,312,311,315,310,319,318,323,321,325,333,326,321,334,330,319,331,333,329,332,340,331,340,344,338,336,350,334,341,351,348,345,352,360,347,356,353,356,355,375,359,360,368,367,362,365,366,364,372,369,368,376,373,370,382,374,380,381,380,384,386,379,388,391,387,393,386,393,401,394,393,389,402,409,398,401,397,401,421,404,413,400,403,414,409,412,412,412,416,420,425,423,426,427,428,428,421,432,426,429,436,432,443,431,436,443,441,442,453,445,458,446,443,458,450,453,458,452,456,453,456,459,457,460,467,460,469,466,467,470,464,479,464,468,476,487,486,478,476,483,476,496,485,486,491,502,485,496,490,492,489,496,503,496,499,498,497,503,503,498,504,516,508,509,517,509,525,515,514,514,515,544,521,528,534,525,526,530,529,531,529,537,534,539,530,538,545,540,541,542,553,546,552,544,547,559,552,560,573,552,561,557,562,551,574,554,561,567,574,579,568,576,568,574,574,575,578,572,588,584,583,577,582,594,599,594,591,596,597,600,596,586,598,598,598,598,616,598,605,595,596,606,607,612,607,629,622,613,609,629,626,611,629,621,631,618,627,621,639,627,638,629,633,632,631,641,630,652,637,641,643,653,641,652,649,649,667,651,655,653,659,657,655,656,666,656,653,659,659,659,667,668,664,673,667,671,685,671,671,687,674,682,682,678,684,688,683,692,686,687,687,696,692,705,696,703,694,721,695,860,735,721,704,709,707,709,711,718,720,717,717,716,717,720,720,730,730,725,746,724,719,738,728,731,733,736,741,729,741,731,737,728,742,741,749,739,754,740,767,753,751,765,758,755,765,756,756,767,766,764,769,761,761,780,771,774,771,767,792,767,789,790,787,781,788,781,787,791,783,786,786,798,786,793,795,796,808,809,807,817,796,801,803,807,810,801,814,806,814,820,839,924,843,846,827,846,829,821,840,832,824,849,835,830,841,839,831,846,843,836,841,839,847,853,838,863,839,848,844,844,852,851,853,852,853,859,859,861,867,859,866,881,866,879,862,874,867,871,867,873,882,918,879,889,909,888,887,915,906,890,931,910,889,893,892,891,894,892,889,896,906,894,909,912,923,908,922,921,905,907,925,918,908,919,917,918,924,918,919,922,918,981,933,929,938,939,927,930,940,937,941,947,949,937,961,944,967,946,947,957,950,953,944,949,957,942,953,948,957,966,970,949,971,970,987,964,970,965,971,981,964,974,979,974,974,1018,988,997,1010,1001,1013,997,994,1012,989,1005,1007,1000,994,1006,1004,997,1020,1009,1017,1004,1011,1004,1022,1007,1023,1022,1015,1015,1024,1018,1014,1036,1019,1019,1025,1019,1023,1025,1036,1031,1026,1017,1031,1036,1030,1042,1065,1036,1057,1039,1053,1041,1038,1041,1040,1042,1054,1049,1057,1058,1074,1061,1075,1051,1054,1067,1064,1056,1065,1070,1071,1075,1079,1067,1082,1079,1085,1069,1078,1092,1073,1084,1085,1081,1126,1108,1122,1124,1112,1133,1129,1116,1119,1112,1146,1164,1228,1190,1099,1095,1135,1133,1242,1288,1139,1113,1118,1117,1108,1230,1208,1204,1120,1119,1150,1122,1148,1136,1142,1137,1133,1141,1132,1128,1138,1138,1158,1178,1283,1198,1142,1158,1147,1150,1154,1161,1166,1152,1154,1148,1164,1151,1173,1149,1151,1158,1155,1172,1172,1169,1150,1163,1164,1179,1180,1170,1173,1164,1167,1176,1181,1180,1173,1181,1179,1199,1185,1204,1190,1173,1184,1187,1191,1196,1189,1193,1191,1195,1225,1198,1210,1203,1191,1193,1203,1209,1206,1214,1212,1209,1218,1202,1226,1215,1212,1223,1217,1211,1217,1217,1232,1229,1239,1241,1270,1240
Q Learning,13,9,9,13,18,20,16,18,16,17,20,21,21,14,16,14,18,18,15,18,19,23,21,18,18,22,19,25,22,25,25,21,21,19,22,21,24,23,25,21,26,22,21,25,26,26,24,25,25,23,29,24,27,24,26,26,27,31,32,36,31,27,30,32,30,35,32,32,46,30,30,31,26,31,30,30,31,34,32,34,34,33,31,34,34,32,33,37,36,36,37,33,37,33,37,42,38,36,38,37,33,46,36,48,48,38,40,47,49,43,42,42,38,42,48,42,44,38,42,45,50,41,43,40,39,47,38,43,43,57,44,43,50,46,51,44,47,41,47,48,44,52,46,49,47,47,46,48,49,44,47,52,52,47,49,50,44,49,55,50,47,55,45,52,54,59,49,46,55,55,57,52,46,55,55,62,53,58,46,55,57,72,51,49,62,56,54,53,53,53,57,71,59,58,71,54,52,59,63,71,55,55,57,62,56,57,57,59,57,52,61,57,62,61,67,66,64,67,66,67,71,66,66,61,68,73,67,64,69,77,66,60,85,61,68,75,63,68,69,77,60,66,64,73,75,72,63,62,71,70,80,70,77,64,65,69,72,84,72,77,73,77,78,77,72,73,75,77,85,73,78,83,68,70,77,74,79,81,72,69,84,82,80,85,91,71,79,78,74,81,74,80,88,90,77,77,83,77,81,91,80,82,79,73,80,80,84,80,86,94,83,80,82,99,83,75,85,85,95,79,96,89,89,86,86,82,96,87,96,80,76,82,85,94,88,88,78,91,84,94,81,86,101,88,91,82,97,84,93,99,95,100,80,85,104,89,98,101,101,101,85,98,99,91,104,93,94,87,95,105,96,84,96,105,98,98,104,96,104,100,97,101,86,95,90,92,89,97,98,94,103,86,98,103,95,95,89,100,106,101,106,101,100,100,95,99,106,94,105,92,108,107,106,114,106,105,104,109,107,108,108,102,91,165,102,123,104,117,124,107,104,113,110,113,106,100,98,115,109,106,122,118,116,112,118,109,105,107,105,109,120,115,112,101,110,103,112,111,111,116,113,114,115,114,106,115,121,121,112,111,121,110,111,108,117,118,122,119,118,126,145,116,116,118,120,114,110,103,120,110,117,120,135,118,128,124,121,135,109,113,116,130,136,142,121,125,129,130,125,122,132,123,117,141,129,119,117,118,128,144,132,126,148,119,130,130,122,117,141,124,125,145,127,128,134,125,122,125,122,128,135,154,130,124,129,131,126,135,149,138,147,135,142,136,145,138,129,125,145,138,138,142,140,144,129,153,157,130,142,142,153,130,127,147,135,144,131,141,142,138,154,141,144,143,137,157,159,140,139,134,141,148,143,140,138,130,148,150,145,142,143,138,139,143,138,155,150,152,147,140,147,143,151,139,159,150,141,158,147,141,149,151,147,138,131,149,154,147,158,146,143,154,149,154,155,168,155,157,155,151,138,151,149,159,157,162,168,159,159,159,171,154,140,147,168,166,144,165,144,153,158,140,164,164,146,140,158,168,155,181,152,163,170,165,178,177,163,168,151,165,162,234,197,152,159,171,172,194,155,166,179,163,163,162,151,164,179,165,164,185,162,168,158,169,173,167,164,153,179,163,185,159,193,171,172,163,217,257,273,212,181,170,182,163,164,161,176,180,174,175,167,165,168,171,156,182,177,172,192,163,168,180,176,172,174,169,167,178,172,162,181,167,184,183,169,180,167,173,188,165,183,199,174,172,180,193,203,178,189,190,182,198,216,181,175,185,180,201,162,179,180,174,193,200,177,202,226,215,196,187,178,184,208,185,172,179,188,184,186,178,188,213,189,196,182,190,170,179,185,193,186,165,183,207,260,225,202,228,204,201,188,179,186,199,190,181,183,182,186,204,250,266,195,194,191,194,192,203,186,192,190,324,261,210,191,192,210,205,198,187,200,201,201,191,200,205,200,238,219,213,196,191,232,196,190,195,191,211,219,204,203,224,189,205,207,213,201,216,208,193,202,197,205,207,197,203,208,198,222,197,198,215,221,210,226,201,208,198,199,221,199,207,201,234,213,199,215,214,212,199,227,214,197,199,185,205,242,206,208,205,209,211,200,224,207,211,210,203,226,217,205,211,213,232,226,201,225,218,221,236,241,230,212,232,254,242,206,245,223,224,231,208,205,219,253,227,223,212,216,303,227,237,252,233,228,230,225,215,213,259,227,248,214,203,302,373,232,221,229,222,217,222,249,219,219,232,234,215,254,216,223,226,274,318,281,395,285,233,236,225

The data below shows the total reward gained for
the optimal policy given the number of iterations the algorithm was run.
Iterations,1,2,3,4,5,6,7,8,9,10,11,12,13,14,15,16,17,18,19,20,21,22,23,24,25,26,27,28,29,30,31,32,33,34,35,36,37,38,39,40,41,42,43,44,45,46,47,48,49,50,51,52,53,54,55,56,57,58,59,60,61,62,63,64,65,66,67,68,69,70,71,72,73,74,75,76,77,78,79,80,81,82,83,84,85,86,87,88,89,90,91,92,93,94,95,96,97,98,99,100,101,102,103,104,105,106,107,108,109,110,111,112,113,114,115,116,117,118,119,120,121,122,123,124,125,126,127,128,129,130,131,132,133,134,135,136,137,138,139,140,141,142,143,144,145,146,147,148,149,150,151,152,153,154,155,156,157,158,159,160,161,162,163,164,165,166,167,168,169,170,171,172,173,174,175,176,177,178,179,180,181,182,183,184,185,186,187,188,189,190,191,192,193,194,195,196,197,198,199,200,201,202,203,204,205,206,207,208,209,210,211,212,213,214,215,216,217,218,219,220,221,222,223,224,225,226,227,228,229,230,231,232,233,234,235,236,237,238,239,240,241,242,243,244,245,246,247,248,249,250,251,252,253,254,255,256,257,258,259,260,261,262,263,264,265,266,267,268,269,270,271,272,273,274,275,276,277,278,279,280,281,282,283,284,285,286,287,288,289,290,291,292,293,294,295,296,297,298,299,300,301,302,303,304,305,306,307,308,309,310,311,312,313,314,315,316,317,318,319,320,321,322,323,324,325,326,327,328,329,330,331,332,333,334,335,336,337,338,339,340,341,342,343,344,345,346,347,348,349,350,351,352,353,354,355,356,357,358,359,360,361,362,363,364,365,366,367,368,369,370,371,372,373,374,375,376,377,378,379,380,381,382,383,384,385,386,387,388,389,390,391,392,393,394,395,396,397,398,399,400,401,402,403,404,405,406,407,408,409,410,411,412,413,414,415,416,417,418,419,420,421,422,423,424,425,426,427,428,429,430,431,432,433,434,435,436,437,438,439,440,441,442,443,444,445,446,447,448,449,450,451,452,453,454,455,456,457,458,459,460,461,462,463,464,465,466,467,468,469,470,471,472,473,474,475,476,477,478,479,480,481,482,483,484,485,486,487,488,489,490,491,492,493,494,495,496,497,498,499,500,501,502,503,504,505,506,507,508,509,510,511,512,513,514,515,516,517,518,519,520,521,522,523,524,525,526,527,528,529,530,531,532,533,534,535,536,537,538,539,540,541,542,543,544,545,546,547,548,549,550,551,552,553,554,555,556,557,558,559,560,561,562,563,564,565,566,567,568,569,570,571,572,573,574,575,576,577,578,579,580,581,582,583,584,585,586,587,588,589,590,591,592,593,594,595,596,597,598,599,600,601,602,603,604,605,606,607,608,609,610,611,612,613,614,615,616,617,618,619,620,621,622,623,624,625,626,627,628,629,630,631,632,633,634,635,636,637,638,639,640,641,642,643,644,645,646,647,648,649,650,651,652,653,654,655,656,657,658,659,660,661,662,663,664,665,666,667,668,669,670,671,672,673,674,675,676,677,678,679,680,681,682,683,684,685,686,687,688,689,690,691,692,693,694,695,696,697,698,699,700,701,702,703,704,705,706,707,708,709,710,711,712,713,714,715,716,717,718,719,720,721,722,723,724,725,726,727,728,729,730,731,732,733,734,735,736,737,738,739,740,741,742,743,744,745,746,747,748,749,750,751,752,753,754,755,756,757,758,759,760,761,762,763,764,765,766,767,768,769,770,771,772,773,774,775,776,777,778,779,780,781,782,783,784,785,786,787,788,789,790,791,792,793,794,795,796,797,798,799,800,801,802,803,804,805,806,807,808,809,810,811,812,813,814,815,816,817,818,819,820,821,822,823,824,825,826,827,828,829,830,831,832,833,834,835,836,837,838,839,840,841,842,843,844,845,846,847,848,849,850,851,852,853,854,855,856,857,858,859,860,861,862,863,864,865,866,867,868,869,870,871,872,873,874,875,876,877,878,879,880,881,882,883,884,885,886,887,888,889,890,891,892,893,894,895,896,897,898,899,900,901,902,903,904,905,906,907,908,909,910,911,912,913,914,915,916,917,918,919,920,921,922,923,924,925,926,927,928,929,930,931,932,933,934,935,936,937,938,939,940,941,942,943,944,945,946,947,948,949,950,951,952,953,954,955,956,957,958,959,960,961,962,963,964,965,966,967,968,969,970,971,972,973,974,975,976,977,978,979,980,981,982,983,984,985,986,987,988,989,990,991,992,993,994,995,996,997,998,999,1000
Value Iteration Rewards,-130397.0,-123126.0,-27117.0,-466847.0,-16862.0,-3687.0,-846.0,-151.0,11.0,-41.0,47.0,62.0,67.0,72.0,59.0,62.0,55.0,64.0,63.0,68.0,56.0,68.0,61.0,67.0,51.0,58.0,65.0,49.0,65.0,64.0,62.0,66.0,61.0,56.0,54.0,55.0,56.0,66.0,59.0,71.0,59.0,59.0,68.0,68.0,69.0,57.0,60.0,61.0,60.0,62.0,62.0,60.0,64.0,65.0,63.0,54.0,67.0,63.0,62.0,67.0,63.0,57.0,71.0,70.0,60.0,59.0,56.0,66.0,63.0,56.0,52.0,59.0,66.0,60.0,70.0,65.0,63.0,59.0,59.0,60.0,67.0,63.0,67.0,62.0,57.0,56.0,67.0,58.0,66.0,57.0,61.0,62.0,52.0,53.0,64.0,64.0,49.0,59.0,49.0,67.0,66.0,71.0,56.0,67.0,60.0,70.0,69.0,54.0,57.0,67.0,67.0,71.0,67.0,63.0,58.0,60.0,56.0,66.0,61.0,57.0,56.0,67.0,65.0,57.0,58.0,58.0,59.0,62.0,57.0,64.0,65.0,46.0,59.0,70.0,63.0,67.0,59.0,59.0,62.0,57.0,65.0,60.0,68.0,61.0,63.0,62.0,65.0,67.0,64.0,68.0,65.0,56.0,65.0,62.0,64.0,62.0,67.0,65.0,64.0,51.0,70.0,67.0,68.0,67.0,61.0,56.0,62.0,59.0,68.0,60.0,52.0,69.0,66.0,64.0,69.0,62.0,66.0,64.0,65.0,61.0,65.0,48.0,63.0,63.0,67.0,65.0,59.0,64.0,62.0,66.0,67.0,59.0,60.0,47.0,64.0,68.0,56.0,63.0,64.0,61.0,71.0,69.0,60.0,60.0,58.0,55.0,70.0,64.0,64.0,71.0,62.0,61.0,69.0,69.0,66.0,55.0,63.0,63.0,68.0,59.0,67.0,59.0,54.0,68.0,63.0,51.0,68.0,60.0,65.0,63.0,55.0,65.0,59.0,69.0,66.0,70.0,69.0,64.0,57.0,55.0,65.0,61.0,61.0,62.0,62.0,63.0,58.0,61.0,47.0,67.0,58.0,58.0,66.0,68.0,59.0,55.0,53.0,61.0,62.0,59.0,66.0,58.0,44.0,61.0,58.0,57.0,65.0,52.0,67.0,60.0,69.0,64.0,65.0,50.0,66.0,63.0,61.0,62.0,69.0,56.0,65.0,69.0,68.0,70.0,64.0,61.0,49.0,53.0,69.0,57.0,60.0,66.0,51.0,65.0,62.0,67.0,67.0,62.0,66.0,62.0,46.0,49.0,66.0,71.0,63.0,63.0,56.0,70.0,46.0,62.0,64.0,61.0,61.0,57.0,59.0,62.0,67.0,63.0,68.0,64.0,59.0,60.0,60.0,70.0,66.0,63.0,66.0,66.0,66.0,69.0,63.0,65.0,60.0,68.0,67.0,60.0,58.0,63.0,66.0,58.0,61.0,52.0,65.0,66.0,55.0,66.0,59.0,65.0,66.0,59.0,57.0,57.0,71.0,55.0,56.0,66.0,68.0,66.0,50.0,63.0,59.0,65.0,62.0,64.0,66.0,61.0,61.0,64.0,67.0,67.0,58.0,62.0,62.0,62.0,62.0,58.0,64.0,68.0,63.0,65.0,62.0,64.0,59.0,66.0,64.0,67.0,45.0,65.0,62.0,59.0,70.0,48.0,67.0,63.0,65.0,60.0,59.0,58.0,55.0,63.0,56.0,61.0,60.0,53.0,63.0,58.0,66.0,55.0,63.0,64.0,52.0,60.0,61.0,65.0,68.0,62.0,63.0,59.0,58.0,64.0,60.0,69.0,64.0,63.0,66.0,63.0,67.0,66.0,54.0,59.0,68.0,59.0,71.0,55.0,72.0,57.0,63.0,54.0,63.0,48.0,62.0,62.0,62.0,65.0,60.0,65.0,56.0,65.0,61.0,61.0,60.0,65.0,43.0,63.0,64.0,62.0,68.0,69.0,58.0,52.0,62.0,66.0,66.0,62.0,70.0,60.0,61.0,70.0,65.0,67.0,63.0,62.0,58.0,63.0,62.0,56.0,68.0,69.0,59.0,56.0,65.0,65.0,64.0,64.0,54.0,56.0,66.0,63.0,67.0,61.0,65.0,69.0,61.0,57.0,53.0,64.0,60.0,69.0,50.0,66.0,48.0,57.0,64.0,72.0,68.0,68.0,60.0,64.0,54.0,64.0,59.0,57.0,67.0,65.0,57.0,67.0,61.0,68.0,52.0,59.0,65.0,54.0,59.0,66.0,61.0,62.0,66.0,65.0,69.0,70.0,65.0,66.0,61.0,59.0,58.0,66.0,65.0,58.0,60.0,66.0,61.0,57.0,63.0,64.0,62.0,66.0,61.0,62.0,69.0,63.0,57.0,66.0,58.0,59.0,63.0,66.0,63.0,51.0,72.0,61.0,60.0,63.0,63.0,60.0,68.0,60.0,55.0,64.0,67.0,63.0,63.0,66.0,67.0,51.0,65.0,64.0,58.0,65.0,65.0,69.0,54.0,51.0,56.0,56.0,71.0,56.0,70.0,66.0,63.0,67.0,62.0,62.0,66.0,66.0,53.0,69.0,65.0,64.0,58.0,59.0,63.0,51.0,65.0,67.0,60.0,53.0,59.0,64.0,61.0,63.0,65.0,66.0,65.0,49.0,65.0,67.0,41.0,62.0,61.0,63.0,66.0,54.0,70.0,68.0,54.0,58.0,58.0,66.0,72.0,56.0,64.0,64.0,61.0,68.0,56.0,69.0,63.0,65.0,64.0,69.0,67.0,59.0,69.0,65.0,65.0,55.0,54.0,63.0,65.0,66.0,62.0,58.0,65.0,70.0,70.0,68.0,63.0,55.0,61.0,58.0,56.0,66.0,59.0,67.0,51.0,62.0,63.0,62.0,68.0,61.0,56.0,66.0,61.0,62.0,69.0,59.0,60.0,64.0,62.0,64.0,64.0,65.0,65.0,52.0,63.0,66.0,68.0,67.0,61.0,64.0,68.0,65.0,65.0,63.0,58.0,63.0,60.0,68.0,65.0,59.0,62.0,61.0,62.0,62.0,53.0,61.0,71.0,55.0,66.0,65.0,65.0,72.0,67.0,63.0,62.0,59.0,64.0,65.0,67.0,65.0,68.0,68.0,61.0,66.0,64.0,66.0,65.0,69.0,65.0,61.0,56.0,59.0,61.0,72.0,71.0,59.0,50.0,66.0,51.0,61.0,59.0,65.0,57.0,72.0,66.0,65.0,61.0,57.0,61.0,66.0,59.0,65.0,62.0,56.0,67.0,66.0,67.0,55.0,67.0,68.0,61.0,73.0,67.0,65.0,58.0,54.0,66.0,65.0,67.0,57.0,63.0,64.0,66.0,69.0,64.0,61.0,55.0,58.0,64.0,66.0,59.0,58.0,65.0,65.0,55.0,57.0,58.0,60.0,58.0,71.0,66.0,66.0,70.0,63.0,64.0,66.0,51.0,59.0,62.0,68.0,60.0,63.0,63.0,59.0,58.0,53.0,62.0,69.0,59.0,65.0,62.0,66.0,63.0,63.0,66.0,62.0,67.0,59.0,70.0,67.0,61.0,58.0,59.0,62.0,73.0,56.0,60.0,67.0,65.0,65.0,64.0,60.0,59.0,50.0,60.0,67.0,65.0,68.0,57.0,67.0,66.0,61.0,65.0,65.0,57.0,62.0,66.0,70.0,69.0,66.0,60.0,63.0,56.0,61.0,65.0,63.0,68.0,70.0,61.0,63.0,65.0,67.0,65.0,63.0,58.0,72.0,65.0,69.0,66.0,65.0,66.0,67.0,65.0,61.0,65.0,63.0,58.0,66.0,59.0,69.0,58.0,65.0,64.0,68.0,64.0,64.0,67.0,67.0,68.0,59.0,70.0,67.0,59.0,62.0,65.0,67.0,65.0,61.0,58.0,54.0,72.0,56.0,63.0,61.0,63.0,64.0,68.0,67.0,56.0,64.0,62.0,65.0,64.0,60.0,64.0,59.0,60.0,61.0,68.0,63.0,62.0,61.0,72.0,58.0,52.0,67.0,68.0,54.0,64.0,55.0,58.0,61.0,67.0,54.0,58.0,69.0,72.0,65.0,56.0,62.0,66.0,52.0,59.0,67.0,65.0,54.0,64.0,60.0,59.0,56.0,56.0,65.0,63.0,61.0,60.0,62.0,64.0,65.0,72.0,65.0,52.0,57.0,57.0,67.0,53.0,65.0,58.0,64.0,62.0,63.0,62.0,62.0,63.0,55.0,45.0,61.0,65.0,63.0,70.0,62.0,71.0,67.0,65.0,68.0,66.0,65.0,62.0,62.0,63.0,63.0,55.0,56.0,61.0,59.0,63.0,66.0,63.0,57.0,61.0,62.0
Policy Iteration Rewards,-524936.0,-243892.0,-1340166.0,-618365.0,-85290.0,-46777.0,-17183.0,-5622.0,-4049.0,-483.0,-42.0,-1173.0,-357.0,-6.0,70.0,62.0,62.0,62.0,66.0,60.0,64.0,61.0,59.0,61.0,66.0,59.0,69.0,56.0,66.0,69.0,65.0,59.0,66.0,59.0,64.0,57.0,66.0,66.0,61.0,55.0,66.0,68.0,60.0,66.0,66.0,59.0,63.0,70.0,70.0,63.0,57.0,62.0,65.0,62.0,62.0,65.0,69.0,61.0,57.0,59.0,62.0,63.0,65.0,61.0,61.0,66.0,66.0,68.0,60.0,65.0,72.0,59.0,64.0,58.0,68.0,63.0,56.0,62.0,66.0,64.0,66.0,55.0,68.0,67.0,60.0,66.0,63.0,59.0,64.0,65.0,65.0,59.0,71.0,61.0,63.0,55.0,62.0,61.0,58.0,65.0,62.0,64.0,63.0,60.0,65.0,69.0,56.0,65.0,69.0,56.0,65.0,56.0,62.0,51.0,63.0,58.0,65.0,67.0,65.0,66.0,63.0,64.0,63.0,60.0,60.0,64.0,51.0,62.0,61.0,58.0,68.0,63.0,69.0,61.0,51.0,69.0,68.0,56.0,49.0,64.0,43.0,60.0,58.0,61.0,59.0,61.0,51.0,66.0,64.0,67.0,69.0,67.0,52.0,67.0,62.0,63.0,62.0,59.0,51.0,67.0,58.0,72.0,50.0,62.0,63.0,63.0,65.0,65.0,69.0,68.0,56.0,58.0,64.0,50.0,62.0,58.0,65.0,58.0,58.0,65.0,59.0,44.0,64.0,55.0,56.0,67.0,65.0,65.0,65.0,68.0,57.0,69.0,53.0,57.0,66.0,51.0,70.0,65.0,62.0,63.0,64.0,56.0,63.0,65.0,67.0,67.0,65.0,58.0,56.0,65.0,59.0,73.0,68.0,67.0,67.0,67.0,68.0,58.0,68.0,67.0,57.0,65.0,68.0,56.0,66.0,59.0,57.0,64.0,64.0,69.0,68.0,56.0,71.0,64.0,59.0,63.0,58.0,59.0,62.0,60.0,64.0,59.0,59.0,61.0,69.0,58.0,55.0,67.0,64.0,64.0,63.0,65.0,65.0,68.0,62.0,53.0,66.0,64.0,67.0,62.0,62.0,65.0,65.0,67.0,65.0,69.0,58.0,66.0,58.0,62.0,64.0,59.0,62.0,68.0,66.0,60.0,69.0,58.0,65.0,67.0,65.0,69.0,54.0,71.0,60.0,56.0,64.0,64.0,61.0,53.0,64.0,59.0,67.0,58.0,60.0,61.0,62.0,69.0,65.0,62.0,65.0,63.0,58.0,62.0,68.0,59.0,52.0,61.0,57.0,60.0,59.0,57.0,62.0,61.0,62.0,62.0,58.0,58.0,68.0,58.0,65.0,66.0,66.0,60.0,70.0,59.0,62.0,65.0,59.0,64.0,67.0,66.0,68.0,51.0,63.0,64.0,70.0,66.0,65.0,65.0,69.0,66.0,68.0,63.0,72.0,70.0,65.0,62.0,70.0,61.0,69.0,59.0,65.0,62.0,69.0,59.0,61.0,66.0,63.0,64.0,62.0,69.0,63.0,57.0,57.0,55.0,64.0,69.0,59.0,67.0,56.0,46.0,68.0,70.0,61.0,69.0,56.0,60.0,65.0,63.0,59.0,64.0,61.0,64.0,50.0,57.0,62.0,57.0,57.0,66.0,69.0,60.0,65.0,64.0,64.0,62.0,65.0,69.0,58.0,57.0,55.0,60.0,61.0,67.0,53.0,71.0,64.0,48.0,57.0,62.0,59.0,68.0,55.0,50.0,51.0,63.0,69.0,68.0,58.0,62.0,55.0,63.0,53.0,61.0,57.0,62.0,68.0,60.0,66.0,64.0,62.0,65.0,57.0,66.0,55.0,64.0,63.0,63.0,58.0,63.0,63.0,64.0,65.0,65.0,62.0,65.0,69.0,66.0,68.0,55.0,59.0,56.0,64.0,59.0,67.0,69.0,69.0,54.0,61.0,61.0,52.0,58.0,62.0,65.0,69.0,54.0,46.0,66.0,65.0,65.0,68.0,57.0,60.0,58.0,64.0,63.0,67.0,56.0,50.0,57.0,56.0,60.0,65.0,60.0,49.0,62.0,68.0,64.0,58.0,67.0,60.0,69.0,70.0,70.0,53.0,58.0,54.0,59.0,56.0,56.0,61.0,52.0,60.0,66.0,61.0,67.0,64.0,64.0,69.0,67.0,54.0,59.0,65.0,53.0,68.0,68.0,65.0,63.0,63.0,69.0,71.0,51.0,62.0,56.0,66.0,70.0,61.0,62.0,68.0,54.0,56.0,64.0,58.0,59.0,66.0,52.0,62.0,63.0,66.0,62.0,62.0,57.0,56.0,71.0,58.0,61.0,60.0,59.0,71.0,59.0,68.0,69.0,62.0,63.0,62.0,51.0,65.0,66.0,72.0,63.0,56.0,57.0,60.0,63.0,69.0,62.0,68.0,56.0,69.0,67.0,66.0,63.0,65.0,65.0,68.0,68.0,61.0,60.0,63.0,60.0,70.0,63.0,64.0,65.0,61.0,67.0,70.0,64.0,66.0,63.0,69.0,64.0,57.0,72.0,53.0,66.0,67.0,59.0,65.0,72.0,62.0,63.0,61.0,60.0,64.0,67.0,64.0,61.0,64.0,69.0,68.0,58.0,66.0,53.0,58.0,61.0,70.0,60.0,64.0,62.0,60.0,70.0,56.0,55.0,64.0,66.0,57.0,65.0,63.0,55.0,57.0,68.0,61.0,63.0,57.0,64.0,65.0,66.0,59.0,53.0,65.0,65.0,61.0,71.0,64.0,61.0,62.0,68.0,60.0,63.0,59.0,68.0,68.0,59.0,59.0,61.0,61.0,63.0,68.0,70.0,65.0,54.0,68.0,68.0,56.0,64.0,55.0,68.0,68.0,65.0,62.0,65.0,65.0,62.0,64.0,63.0,61.0,67.0,62.0,62.0,62.0,57.0,68.0,57.0,56.0,59.0,68.0,69.0,50.0,64.0,64.0,69.0,60.0,48.0,62.0,65.0,65.0,50.0,54.0,69.0,65.0,62.0,63.0,62.0,69.0,65.0,65.0,60.0,70.0,58.0,52.0,53.0,60.0,62.0,69.0,65.0,70.0,58.0,66.0,62.0,65.0,68.0,67.0,72.0,61.0,64.0,63.0,68.0,71.0,64.0,55.0,54.0,64.0,60.0,68.0,63.0,61.0,58.0,57.0,69.0,68.0,64.0,56.0,64.0,56.0,61.0,65.0,52.0,63.0,60.0,58.0,64.0,69.0,63.0,66.0,59.0,67.0,51.0,70.0,57.0,63.0,65.0,66.0,64.0,58.0,49.0,58.0,63.0,57.0,51.0,69.0,68.0,55.0,62.0,63.0,64.0,57.0,61.0,68.0,59.0,69.0,72.0,62.0,67.0,59.0,68.0,64.0,70.0,61.0,64.0,57.0,65.0,67.0,64.0,53.0,65.0,63.0,54.0,66.0,62.0,67.0,70.0,59.0,68.0,68.0,66.0,57.0,70.0,67.0,66.0,64.0,52.0,60.0,69.0,67.0,61.0,56.0,58.0,66.0,44.0,56.0,58.0,65.0,65.0,67.0,66.0,62.0,55.0,65.0,63.0,67.0,54.0,60.0,64.0,66.0,62.0,64.0,70.0,66.0,69.0,68.0,57.0,61.0,59.0,58.0,64.0,65.0,52.0,47.0,64.0,68.0,67.0,57.0,62.0,65.0,60.0,66.0,66.0,52.0,69.0,61.0,60.0,65.0,64.0,62.0,59.0,69.0,57.0,62.0,66.0,59.0,52.0,57.0,62.0,49.0,67.0,66.0,57.0,70.0,56.0,58.0,64.0,59.0,68.0,64.0,64.0,63.0,54.0,60.0,62.0,59.0,61.0,64.0,65.0,64.0,63.0,63.0,69.0,66.0,59.0,67.0,70.0,65.0,68.0,58.0,65.0,60.0,68.0,52.0,62.0,65.0,66.0,62.0,55.0,50.0,65.0,71.0,63.0,58.0,65.0,62.0,63.0,63.0,62.0,66.0,64.0,60.0,58.0,59.0,53.0,57.0,65.0,64.0,56.0,65.0,48.0,54.0,70.0,58.0,66.0,60.0,64.0,61.0,63.0,57.0,65.0,67.0,59.0,69.0,55.0,64.0,59.0,63.0,69.0,60.0,65.0,61.0,54.0,63.0,69.0,60.0,49.0,64.0,65.0,61.0,63.0,69.0,59.0,61.0,54.0,58.0,56.0,62.0,67.0,59.0,55.0,54.0,69.0,57.0,62.0,62.0,63.0,58.0,65.0,70.0,63.0,68.0,64.0,63.0,67.0,69.0,63.0,46.0,64.0,57.0,61.0,62.0,67.0,62.0,59.0
Q Learning Rewards,-801.0,-226.0,-279.0,-219.0,-678.0,-531.0,-58.0,-351.0,-43.0,-227.0,-26.0,-230.0,-156.0,-158.0,-156.0,-10.0,-144.0,25.0,-121.0,25.0,-84.0,12.0,20.0,-236.0,-79.0,-119.0,28.0,-48.0,35.0,9.0,-22.0,50.0,-38.0,28.0,24.0,11.0,44.0,45.0,47.0,47.0,-24.0,38.0,45.0,61.0,36.0,31.0,41.0,46.0,-59.0,51.0,-18.0,26.0,57.0,-20.0,30.0,53.0,39.0,59.0,45.0,-13.0,42.0,33.0,-403.0,54.0,25.0,50.0,57.0,-27.0,19.0,-85.0,53.0,23.0,40.0,46.0,-126.0,9.0,-5.0,60.0,10.0,-2.0,20.0,64.0,13.0,60.0,52.0,28.0,38.0,-130.0,-8.0,57.0,-46.0,-9.0,-57.0,36.0,34.0,58.0,3.0,-101.0,32.0,33.0,42.0,33.0,59.0,15.0,51.0,37.0,22.0,27.0,60.0,59.0,21.0,24.0,34.0,12.0,56.0,63.0,31.0,44.0,52.0,34.0,6.0,40.0,56.0,45.0,38.0,19.0,39.0,-16.0,33.0,25.0,23.0,5.0,18.0,-25.0,58.0,55.0,57.0,37.0,12.0,35.0,1.0,49.0,23.0,25.0,63.0,31.0,57.0,46.0,-14.0,16.0,40.0,56.0,22.0,35.0,-24.0,50.0,-7.0,-88.0,-124.0,50.0,-39.0,0.0,21.0,38.0,58.0,-7.0,48.0,53.0,-41.0,38.0,21.0,19.0,-46.0,-62.0,56.0,53.0,40.0,-57.0,48.0,44.0,44.0,39.0,15.0,-37.0,42.0,33.0,45.0,21.0,32.0,39.0,-2.0,46.0,51.0,59.0,50.0,-139.0,56.0,32.0,43.0,33.0,10.0,23.0,53.0,44.0,-15.0,50.0,2.0,40.0,40.0,31.0,3.0,26.0,57.0,27.0,10.0,16.0,1.0,39.0,42.0,37.0,-101.0,31.0,-19.0,-5.0,25.0,-1.0,-115.0,67.0,-12.0,34.0,-16.0,45.0,40.0,-21.0,20.0,48.0,31.0,37.0,44.0,4.0,37.0,-40.0,47.0,-207.0,50.0,29.0,45.0,52.0,3.0,-53.0,60.0,13.0,49.0,60.0,45.0,49.0,39.0,23.0,-107.0,-98.0,49.0,-5.0,67.0,-47.0,32.0,51.0,61.0,42.0,46.0,-191.0,15.0,55.0,57.0,19.0,50.0,56.0,42.0,50.0,24.0,42.0,58.0,10.0,44.0,41.0,40.0,54.0,2.0,36.0,23.0,56.0,22.0,43.0,64.0,35.0,0.0,-10.0,48.0,56.0,24.0,29.0,18.0,56.0,38.0,49.0,39.0,-30.0,26.0,49.0,21.0,-81.0,55.0,23.0,51.0,10.0,45.0,43.0,30.0,-103.0,32.0,19.0,20.0,16.0,-6.0,57.0,53.0,51.0,25.0,55.0,-27.0,-28.0,39.0,20.0,17.0,47.0,25.0,61.0,23.0,2.0,10.0,-2.0,34.0,66.0,-90.0,24.0,18.0,54.0,26.0,14.0,10.0,63.0,-7.0,44.0,53.0,9.0,51.0,5.0,16.0,-39.0,43.0,-3.0,57.0,-144.0,52.0,-170.0,30.0,-45.0,39.0,38.0,-40.0,42.0,-10.0,38.0,-41.0,-67.0,17.0,29.0,-87.0,48.0,40.0,25.0,56.0,12.0,4.0,54.0,12.0,-52.0,52.0,48.0,51.0,-3.0,-12.0,54.0,35.0,52.0,42.0,38.0,56.0,44.0,25.0,54.0,-12.0,-44.0,47.0,-12.0,19.0,47.0,20.0,10.0,14.0,49.0,41.0,40.0,36.0,-29.0,55.0,38.0,20.0,54.0,-26.0,21.0,25.0,8.0,-24.0,22.0,23.0,14.0,11.0,57.0,-39.0,3.0,43.0,-3.0,28.0,43.0,32.0,21.0,45.0,52.0,-2.0,-46.0,-65.0,54.0,5.0,-15.0,61.0,56.0,26.0,46.0,7.0,33.0,10.0,50.0,-38.0,-45.0,4.0,2.0,57.0,47.0,-7.0,14.0,52.0,-37.0,-15.0,43.0,34.0,-80.0,54.0,50.0,29.0,16.0,49.0,50.0,38.0,1.0,1.0,23.0,25.0,36.0,20.0,27.0,17.0,27.0,53.0,38.0,42.0,44.0,-129.0,57.0,38.0,53.0,38.0,45.0,-22.0,43.0,40.0,43.0,-8.0,-33.0,63.0,32.0,33.0,35.0,54.0,27.0,60.0,3.0,42.0,-31.0,43.0,2.0,50.0,-9.0,-46.0,62.0,42.0,-60.0,28.0,44.0,-180.0,46.0,16.0,9.0,4.0,48.0,55.0,-105.0,-8.0,-14.0,49.0,48.0,46.0,29.0,-53.0,41.0,53.0,-37.0,65.0,-208.0,59.0,-111.0,59.0,30.0,5.0,24.0,-62.0,41.0,-3.0,26.0,41.0,-28.0,29.0,38.0,45.0,21.0,47.0,-31.0,58.0,28.0,25.0,7.0,60.0,30.0,-59.0,20.0,53.0,52.0,41.0,46.0,40.0,55.0,38.0,36.0,1.0,39.0,14.0,-5.0,57.0,62.0,35.0,47.0,8.0,56.0,43.0,-34.0,-10.0,-13.0,6.0,-17.0,45.0,-26.0,34.0,61.0,52.0,21.0,44.0,48.0,-66.0,7.0,41.0,50.0,28.0,43.0,35.0,22.0,35.0,-160.0,34.0,-25.0,46.0,64.0,15.0,-5.0,43.0,-3.0,41.0,-21.0,22.0,29.0,-18.0,-20.0,7.0,37.0,57.0,68.0,56.0,-16.0,-25.0,49.0,44.0,41.0,30.0,22.0,60.0,16.0,11.0,40.0,56.0,44.0,48.0,39.0,48.0,-6.0,59.0,-61.0,26.0,38.0,36.0,63.0,-39.0,35.0,-45.0,39.0,32.0,57.0,-84.0,54.0,59.0,-85.0,45.0,43.0,11.0,56.0,-58.0,34.0,35.0,12.0,23.0,38.0,29.0,49.0,49.0,-182.0,27.0,42.0,43.0,26.0,36.0,29.0,29.0,59.0,37.0,58.0,44.0,20.0,22.0,44.0,24.0,28.0,-10.0,31.0,16.0,-8.0,1.0,-104.0,56.0,-22.0,-42.0,42.0,33.0,41.0,46.0,17.0,-18.0,19.0,51.0,44.0,40.0,55.0,20.0,36.0,48.0,-12.0,-1.0,16.0,-26.0,24.0,51.0,53.0,4.0,5.0,48.0,29.0,-10.0,46.0,62.0,24.0,-98.0,15.0,45.0,52.0,22.0,46.0,-4.0,18.0,49.0,-17.0,-2.0,20.0,30.0,-85.0,33.0,45.0,41.0,14.0,-37.0,-2.0,28.0,-19.0,11.0,40.0,52.0,-36.0,26.0,37.0,-69.0,40.0,-16.0,16.0,30.0,25.0,65.0,57.0,35.0,-10.0,32.0,-5.0,48.0,48.0,-19.0,40.0,13.0,1.0,57.0,33.0,46.0,39.0,17.0,-5.0,-70.0,45.0,-14.0,51.0,33.0,19.0,50.0,9.0,42.0,-18.0,47.0,47.0,66.0,66.0,50.0,35.0,40.0,37.0,58.0,-90.0,29.0,57.0,37.0,-109.0,40.0,-105.0,-15.0,-7.0,25.0,32.0,48.0,51.0,43.0,38.0,53.0,-70.0,51.0,61.0,60.0,11.0,35.0,28.0,-78.0,56.0,32.0,25.0,67.0,50.0,31.0,11.0,6.0,52.0,-10.0,42.0,32.0,26.0,41.0,53.0,45.0,43.0,37.0,9.0,23.0,48.0,28.0,59.0,60.0,35.0,-6.0,-2.0,45.0,12.0,64.0,38.0,40.0,39.0,-8.0,48.0,33.0,31.0,29.0,53.0,43.0,15.0,-66.0,63.0,7.0,55.0,-5.0,38.0,-51.0,14.0,29.0,62.0,60.0,41.0,55.0,46.0,-80.0,46.0,16.0,34.0,44.0,50.0,47.0,47.0,-180.0,5.0,9.0,45.0,50.0,41.0,18.0,-35.0,56.0,13.0,10.0,37.0,42.0,47.0,54.0,13.0,-10.0,6.0,-20.0,12.0,39.0,49.0,12.0,59.0,-18.0,-38.0,7.0,49.0,57.0,22.0,46.0,21.0,60.0,36.0,41.0,-99.0,31.0,0.0,45.0,45.0,16.0,58.0,39.0,23.0,-22.0,17.0,52.0,25.0,29.0,-13.0,55.0,59.0,-6.0,10.0,-3.0,-85.0,49.0,44.0,56.0,20.0,54.0,31.0,58.0,29.0,38.0,-1.0,42.0,62.0,47.0,24.0,-43.0,31.0,33.0,-70.0,44.0,43.0,42.0,34.0,16.0,7.0,-21.0,43.0,8.0,42.0,-29.0,-29.0,21.0,55.0,31.0,19.0,39.0,54.0,27.0,58.0,37.0,53.0,50.0,-97.0,47.0,-18.0,49.0,18.0,64.0,36.0,31.0,-3.0,47.0,26.0,-9.0,40.0,54.0,26.0,29.0,28.0,40.0,-19.0

Process finished with exit code 0


